   -0.11066566
   -0.05767339
   -0.06159932
   -0.05791646
   -0.06841567
    0.00787334
   -0.08367617
    0.13057632
   -0.06721052
   -0.00733500
   -0.07704044
    0.00487595
   -0.06860345
   -0.06364251
   -0.02785325
    0.13965495
   -0.32652576
    0.12745027
   -0.08461173
   -0.12200557
   -0.12323374
   -0.12443878
   -0.44748910
    0.03590770
    0.03738543
    0.03761386
    0.03000919
    0.03063251
    0.03338165
    0.02845227
    0.03321768
    0.03981098
    0.04260034
    0.04472944
    0.04467211
    0.03992300
    0.03183718
    0.04830389
    0.05045920
    0.04488508
    0.03836736
    0.03035283
    0.04205475
    0.05250500
    0.04107900
    0.05438938
    0.04617885
    0.05638957
    0.05824476
    0.04377001
    0.05549466
    0.05598876
    0.34086924
