$hessian                                                                        
        0.4559507244  -0.0066114718   0.0091370305  -0.1071869464  -0.0560822807
        0.0351545763   0.0085072579  -0.0028917282  -0.0014289471  -0.0237740538
       -0.0257841412   0.0013229102   0.0002615285   0.0020978080  -0.0036308574
       -0.0003302768  -0.0005706798   0.0001624212   0.0001563105   0.0003301154
        0.0003618542  -0.0001353478   0.0001491940  -0.0001418584  -0.0002608538
       -0.0000149428   0.0001032706  -0.0007096926  -0.0006899410  -0.0001530717
        0.0020558316  -0.0001172846  -0.0000723331  -0.0009431306  -0.0000602533
       -0.0002282879  -0.0008984382  -0.0000851102  -0.0005797880  -0.2270687201
        0.0403603131  -0.0425544451  -0.0514054002   0.0007520561  -0.0196471028
       -0.0539217623   0.0496160460   0.0226363060  -0.0001307428  -0.0000680097
        0.0001507007  -0.0001824784  -0.0000875758   0.0001883975  -0.0001213329
       -0.0000273735  -0.0001723252  -0.0000534337  -0.0000855993  -0.0002214830
        0.0001909574  -0.0001291406  -0.0003869674
       -0.0066114718   0.4376806342  -0.0138591412  -0.0419686110  -0.1263665308
        0.0320749634  -0.0139660078  -0.0175353236   0.0340975539  -0.0213090292
       -0.0080333250  -0.0026956181   0.0003547269   0.0048000709   0.0007173118
       -0.0000530284  -0.0007004096  -0.0003452785   0.0003347270   0.0004027519
       -0.0005251889  -0.0004245171   0.0002466229  -0.0003743425  -0.0000405363
       -0.0005061887  -0.0002018080  -0.0005367959   0.0000541994   0.0000107651
        0.0005911206  -0.0014194692   0.0008754689   0.0000587618   0.0006550625
       -0.0000422310  -0.0008070397   0.0005992607   0.0001150235   0.0388414812
       -0.0509102661   0.0121249825   0.0000021561  -0.0426594712   0.0093548588
        0.0453610990  -0.1963486416  -0.0708227720   0.0000349120   0.0002099671
       -0.0000097262   0.0000740526  -0.0001751688  -0.0004740824   0.0000047304
       -0.0001195305  -0.0003205679  -0.0000821245  -0.0001117649  -0.0000788611
        0.0001413943   0.0002375203   0.0003786899
        0.0091370305  -0.0138591412   0.4759253863   0.0297986293   0.0314290968
       -0.0794766113   0.0134305962   0.0461262561  -0.0293787108  -0.0060051173
       -0.0075667145   0.0052177396  -0.0030991235   0.0010315805   0.0004551767
       -0.0001283836   0.0000944352   0.0000225155   0.0001108089  -0.0000048948
       -0.0002037304  -0.0000027694   0.0000206122  -0.0000521780  -0.0002365430
        0.0000249956  -0.0001927766  -0.0002687626  -0.0008073167   0.0000047092
        0.0002495098   0.0004533102   0.0004630089  -0.0002256967  -0.0002647663
       -0.0005360794  -0.0000996692   0.0000088626   0.0003538844  -0.0432219375
        0.0112504728  -0.0574492826  -0.0212947828   0.0079661485  -0.2414515328
        0.0218688760  -0.0756782597  -0.0734473761   0.0000340347  -0.0001162221
       -0.0001457892   0.0000028355  -0.0000366419  -0.0001174821   0.0000042354
       -0.0000182220  -0.0000865166  -0.0000290763  -0.0000446433  -0.0000075090
       -0.0000246942  -0.0000089477   0.0001031542
       -0.1071869464  -0.0419686110   0.0297986293   0.3173948402   0.0735859806
        0.0222003136  -0.0901565150   0.0145831936  -0.0372367847  -0.0730024466
        0.0018507613  -0.0245892299  -0.0368113398  -0.0341332813   0.0046817577
        0.0022128734   0.0070395756  -0.0020293037  -0.0024243832  -0.0029357852
       -0.0002039926   0.0025736001  -0.0011454035   0.0007745915  -0.0016486072
        0.0023115164  -0.0006582211   0.0033262320  -0.0046235225   0.0013231041
       -0.0090114828   0.0056463127  -0.0021700926   0.0017252361  -0.0018773702
        0.0020781499   0.0055508326  -0.0010702185   0.0021455915  -0.0212637767
       -0.0199192583   0.0068059732   0.0026686661   0.0000622074  -0.0003610621
        0.0053001293   0.0015537382  -0.0036917150   0.0008101249   0.0011008166
       -0.0003056758   0.0006412266   0.0003564601  -0.0005307265   0.0005429152
       -0.0000697441   0.0002445702  -0.0000217904  -0.0002353818   0.0007731952
       -0.0012193884  -0.0001119861   0.0009509276
       -0.0560822807  -0.1263665308   0.0314290968   0.0735859806   0.4019929447
       -0.1887193595   0.0287727080  -0.1618852506   0.1510996252  -0.0073774778
       -0.0718633594   0.0111159979  -0.0243662534  -0.0106785245  -0.0120894164
       -0.0016084565   0.0023606534  -0.0000508583  -0.0007223527  -0.0001087024
        0.0019986340   0.0003701794  -0.0000335208   0.0007900714  -0.0009910240
        0.0005211360   0.0010341904   0.0005011069  -0.0037089664   0.0004750972
       -0.0011312980   0.0019545320  -0.0017223821   0.0010367360  -0.0018826873
       -0.0004090387   0.0009347444  -0.0005592248  -0.0004685948  -0.0010138966
        0.0016512403  -0.0053969406   0.0024105061  -0.0032734816   0.0034423559
       -0.0144667587  -0.0264528180   0.0060474885   0.0001137664  -0.0022114333
        0.0000448022  -0.0002113763   0.0004484502   0.0012615900  -0.0000149101
        0.0002909332   0.0007238299  -0.0000512030  -0.0000378067   0.0003350917
        0.0003115599  -0.0001575831  -0.0009412807
        0.0351545763   0.0320749634  -0.0794766113   0.0222003136  -0.1887193595
        0.4959229577  -0.0541461973   0.1374904180  -0.3415544678  -0.0138894293
        0.0157332505  -0.0765848087  -0.0010283174  -0.0166330664   0.0087769281
        0.0002614429   0.0007886052  -0.0013560455  -0.0009007611  -0.0009339504
        0.0000409334   0.0003827225  -0.0004317509   0.0007225312   0.0003000217
        0.0010773629   0.0000528966   0.0030921397   0.0018474970  -0.0006447028
       -0.0058845659   0.0029610683  -0.0005989049   0.0026830532  -0.0016008297
       -0.0005204838   0.0039145291  -0.0007389198   0.0005127571  -0.0019671888
       -0.0025604369   0.0033848197   0.0153667183   0.0208962884  -0.0159252166
       -0.0054339014  -0.0041692401   0.0048746924   0.0000716204   0.0019336861
        0.0010977410   0.0000809601   0.0004818753   0.0006781122   0.0000497237
        0.0002319916   0.0007187089   0.0001619070   0.0003237418   0.0002526812
       -0.0004693675  -0.0000531948  -0.0003745181
        0.0085072579  -0.0139660078   0.0134305962  -0.0901565150   0.0287727080
       -0.0541461973   0.1096343343  -0.0175335050   0.0975775514  -0.0309441657
        0.0045762041  -0.0566578700   0.0032039039   0.0052918951  -0.0007707254
       -0.0008103892  -0.0017675419  -0.0001827813   0.0001597923   0.0008347072
       -0.0001381462  -0.0007492450   0.0004314463  -0.0001922183   0.0001158539
       -0.0007687857  -0.0002658957  -0.0002243307   0.0009911478  -0.0000695947
        0.0022365053  -0.0017637081   0.0005542380  -0.0001622430   0.0009375022
       -0.0007901138  -0.0010268537   0.0002437906  -0.0014252041   0.0018569706
        0.0001151017   0.0005046905   0.0001467139  -0.0031271349   0.0024466006
       -0.0008516262  -0.0021547257   0.0016503722  -0.0007116701  -0.0012740079
        0.0001936029  -0.0003896261   0.0000116143   0.0003901042  -0.0003493805
        0.0001099656  -0.0001523064  -0.0000327114   0.0000616266  -0.0007006660
        0.0005474246  -0.0000222926  -0.0012560369
       -0.0028917282  -0.0175353236   0.0461262561   0.0145831936  -0.1618852506
        0.1374904180  -0.0175335050   0.1674345358  -0.1945124567   0.0106231633
        0.0178568404   0.0095077071   0.0014344737  -0.0020187623  -0.0002529279
       -0.0001795656  -0.0025055124  -0.0020049940  -0.0004972958  -0.0003877414
       -0.0012369340  -0.0000370573  -0.0001860859  -0.0004540959  -0.0000801528
        0.0006861276  -0.0003957014   0.0002391940   0.0003979400   0.0000417071
       -0.0014561439   0.0006016991  -0.0002856314   0.0004244205  -0.0000276473
        0.0011400082   0.0006769518   0.0005702463   0.0008383693   0.0015011520
        0.0003410969   0.0011062305  -0.0057101566  -0.0050147646   0.0042087105
        0.0005127895   0.0019144114   0.0008595725  -0.0013247070  -0.0007249601
       -0.0010459762   0.0000431377  -0.0002462522  -0.0012062139  -0.0001342104
       -0.0001431213  -0.0007763709  -0.0000813719   0.0001361899  -0.0002517018
       -0.0001125814   0.0007363341   0.0011040248
       -0.0014289471   0.0340975539  -0.0293787108  -0.0372367847   0.1510996252
       -0.3415544678   0.0975775514  -0.1945124567   0.4291926366  -0.0626486283
        0.0072184340  -0.0516873403   0.0040416624   0.0031008295  -0.0019796138
       -0.0000865240  -0.0014667809   0.0001052453   0.0002287240   0.0003946362
       -0.0003570900  -0.0002515804   0.0002158420  -0.0003258860   0.0001712788
       -0.0008634895   0.0006656629  -0.0009529084   0.0011394100   0.0002382791
        0.0037682338  -0.0025671778   0.0010243963  -0.0017851223   0.0016063803
       -0.0004245213  -0.0027115974   0.0005956409   0.0002145315  -0.0023126501
       -0.0027274353  -0.0010356006   0.0037149795   0.0050664666  -0.0016129645
        0.0002892321  -0.0001239230  -0.0025386289  -0.0004571665  -0.0018313285
       -0.0007042030   0.0000157998  -0.0002638758  -0.0004733587  -0.0000365453
       -0.0001482201  -0.0003451973  -0.0000278202  -0.0000837770   0.0000645463
        0.0001288129   0.0000536462   0.0009122848
       -0.0237740538  -0.0213090292  -0.0060051173  -0.0730024466  -0.0073774778
       -0.0138894293  -0.0309441657   0.0106231633  -0.0626486283   0.2408839537
        0.0885274523   0.0767871183  -0.0751358397  -0.0351283912   0.0020719820
        0.0044877787  -0.0098212846   0.0039446674   0.0040580679   0.0052038576
       -0.0016115832  -0.0033971695   0.0011374531  -0.0006592868  -0.0044430293
       -0.0022222658  -0.0011965568  -0.0344080721  -0.0235236824   0.0010427615
        0.0090715817  -0.0104905386   0.0044440847  -0.0048053499   0.0063643818
       -0.0028522892  -0.0059762316   0.0005703933  -0.0007621472  -0.0011558921
       -0.0024516023   0.0011740600   0.0001594288   0.0019622465  -0.0003112574
       -0.0023541903  -0.0001031986  -0.0000981813   0.0004596408  -0.0004504374
       -0.0002762732  -0.0000845742  -0.0000777302  -0.0002237732  -0.0000120960
        0.0001866032   0.0002513671  -0.0005883500  -0.0014321733   0.0003481358
        0.0009610091  -0.0001877396   0.0004703464
       -0.0257841412  -0.0080333250  -0.0075667145   0.0018507613  -0.0718633594
        0.0157332505   0.0045762041   0.0178568404   0.0072184340   0.0885274523
        0.2592640545  -0.0680647325  -0.0373167193  -0.1378603251   0.0357825330
       -0.0220616014  -0.0489631147   0.0142010787   0.0085070320  -0.0011802554
        0.0029848048  -0.0038027996   0.0015937336  -0.0009168058   0.0003691643
       -0.0034355261   0.0016605465  -0.0177697553   0.0023998065  -0.0028707107
        0.0023361453  -0.0109544155   0.0027512535   0.0072322300   0.0036654608
        0.0001165436  -0.0028891786   0.0006401179  -0.0006910489  -0.0022842686
       -0.0025106204   0.0012892633   0.0000925419   0.0005484039  -0.0005435714
       -0.0006896538  -0.0001753933   0.0003298805  -0.0010216548   0.0019323863
       -0.0015437217  -0.0009513177  -0.0017907083   0.0003083592   0.0003256238
       -0.0000506652  -0.0002289218   0.0002935710  -0.0005852765   0.0001092098
        0.0004603643  -0.0004978190  -0.0000589302
        0.0013229102  -0.0026956181   0.0052177396  -0.0245892299   0.0111159979
       -0.0765848087  -0.0566578700   0.0095077071  -0.0516873403   0.0767871183
       -0.0680647325   0.1768959164   0.0007194597   0.0343333039  -0.0623281747
        0.0069288176   0.0159495974   0.0003591409  -0.0032536245   0.0033828848
        0.0067116117   0.0012412934  -0.0001265458  -0.0001424314  -0.0022043163
        0.0026212390   0.0047534685   0.0001813988  -0.0066409877   0.0028831355
        0.0020066586   0.0006669017  -0.0033187117  -0.0035655035   0.0001860688
        0.0004110619  -0.0002524919   0.0000352173  -0.0002994132   0.0012887484
        0.0012893728   0.0005168057  -0.0005238809  -0.0001997480   0.0012720158
        0.0001685826   0.0005391498   0.0002936766   0.0002751518  -0.0014382692
       -0.0022621776   0.0002398509   0.0003227724  -0.0004033616   0.0000632238
       -0.0005395982  -0.0017867052  -0.0003010910  -0.0002142753  -0.0000034152
        0.0001247938  -0.0000304381  -0.0004980330
        0.0002615285   0.0003547269  -0.0030991235  -0.0368113398  -0.0243662534
       -0.0010283174   0.0032039039   0.0014344737   0.0040416624  -0.0751358397
       -0.0373167193   0.0007194597   0.5393558637  -0.0214130527   0.0705284367
       -0.1294856909   0.0358662712  -0.0206506372   0.0513052327   0.0153593924
        0.0029649354  -0.0362941643   0.0270037693  -0.0120706878  -0.0353359600
       -0.0641931333   0.0135304802  -0.2410252645   0.0292412614  -0.0370365150
       -0.0241661020   0.0303232121  -0.0110196630  -0.0059868975  -0.0109464025
        0.0022933369   0.0079618464   0.0003495084   0.0009876126  -0.0003572360
       -0.0010928150  -0.0001471417   0.0000159509  -0.0001332812  -0.0002238011
       -0.0007831178  -0.0008363900   0.0002203229  -0.0140457805   0.0241863785
       -0.0090207817  -0.0008314360  -0.0029672343  -0.0002431490  -0.0001742625
        0.0006217621  -0.0003364354   0.0000083118  -0.0018349622  -0.0000381441
       -0.0016795464   0.0003594877  -0.0003718498
        0.0020978080   0.0048000709   0.0010315805  -0.0341332813  -0.0106785245
       -0.0166330664   0.0052918951  -0.0020187623   0.0031008295  -0.0351283912
       -0.1378603251   0.0343333039  -0.0214130527   0.4898103836  -0.1029722912
        0.1041171476  -0.2009451641   0.0526365046  -0.0417700972  -0.0609000959
        0.0108198143   0.0320469751  -0.0171114469   0.0074467969  -0.0189256367
        0.0298018892  -0.0113057073  -0.0118834457  -0.0864061216   0.0098659116
        0.0197511420   0.0059156042   0.0009571482  -0.0033217318  -0.0023759382
       -0.0000113624   0.0052619691  -0.0055919785   0.0025242327  -0.0000348699
       -0.0004273450   0.0002408273  -0.0003476095  -0.0003412972   0.0000186332
       -0.0000949314   0.0000107718  -0.0001447477   0.0026376094  -0.0020215113
        0.0026878613  -0.0025442872  -0.0014949052   0.0029535097   0.0007831345
        0.0002563318   0.0002584774  -0.0030135110  -0.0026151565   0.0021860147
        0.0006231650   0.0001935207   0.0000057290
       -0.0036308574   0.0007173118   0.0004551767   0.0046817577  -0.0120894164
        0.0087769281  -0.0007707254  -0.0002529279  -0.0019796138   0.0020719820
        0.0357825330  -0.0623281747   0.0705284367  -0.1029722912   0.1830699614
       -0.0391316510   0.0442173030  -0.0690846478   0.0196433451   0.0188045516
       -0.0053041296  -0.0133141080   0.0070167413  -0.0089964101   0.0010402875
       -0.0172991453   0.0031516762  -0.0281479488   0.0146826933  -0.0586429328
       -0.0083801685   0.0017221488  -0.0030588026   0.0002141523  -0.0009404379
       -0.0003851824  -0.0011423253   0.0020467431   0.0004112058  -0.0004455565
       -0.0003992952   0.0004884775   0.0001278560   0.0001423859   0.0001214952
        0.0003499751   0.0003345662  -0.0000182372  -0.0024738922   0.0034396143
       -0.0007072204  -0.0004530490   0.0023542737   0.0073901494  -0.0003412407
        0.0002346600   0.0006424540  -0.0000200504   0.0024040904   0.0057545323
       -0.0004062192   0.0000538974   0.0002432946
       -0.0003302768  -0.0000530284  -0.0001283836   0.0022128734  -0.0016084565
        0.0002614429  -0.0008103892  -0.0001795656  -0.0000865240   0.0044877787
       -0.0220616014   0.0069288176  -0.1294856909   0.1041171476  -0.0391316510
        0.6507091051   0.0258271728   0.0507058884  -0.1647013589  -0.1365960501
        0.0246608714  -0.0430789925  -0.0208338405   0.0003674038   0.0027548164
       -0.0045213176   0.0022119235  -0.0201549605   0.0231802862  -0.0097159825
       -0.0054583308   0.0007201020  -0.0021623883  -0.0000087594  -0.0016704615
        0.0004934496  -0.0002526248   0.0013553692  -0.0003766973  -0.0000745963
       -0.0000711031   0.0001110602   0.0000765312   0.0000407872  -0.0000333763
        0.0000059901   0.0000850124   0.0000526811  -0.2966847919   0.0240181238
       -0.0305649820   0.0059947296   0.0080896111  -0.0020079157  -0.0055539950
       -0.0000051766  -0.0015217074   0.0007421756  -0.0001127233   0.0001385324
       -0.0003892332   0.0002797124  -0.0002024626
       -0.0005706798  -0.0007004096   0.0000944352   0.0070395756   0.0023606534
        0.0007886052  -0.0017675419  -0.0025055124  -0.0014667809  -0.0098212846
       -0.0489631147   0.0159495974   0.0358662712  -0.2009451641   0.0442173030
        0.0258271728   0.5542085780  -0.1185404118  -0.0608723125  -0.2291897510
        0.0449324041  -0.0730452621   0.0304167405  -0.0175396081  -0.0035982814
       -0.0559373828   0.0141015933   0.0704694494   0.0116512996   0.0052746049
       -0.0020348287   0.0054311665   0.0002462823  -0.0003010113  -0.0010967947
       -0.0000593949   0.0021388741   0.0001879635   0.0003388634   0.0001021293
       -0.0000267312   0.0000415359   0.0000931757   0.0000875600  -0.0001334312
        0.0001200907   0.0000732736   0.0001418578   0.0232799935  -0.0442991218
        0.0053164887  -0.0131392462  -0.0222368991   0.0043337797   0.0000603426
        0.0016338119   0.0016446600   0.0003117477  -0.0003077871   0.0003523103
       -0.0001583741   0.0001576216  -0.0000346941
        0.0001624212  -0.0003452785   0.0000225155  -0.0020293037  -0.0000508583
       -0.0013560455  -0.0001827813  -0.0020049940   0.0001052453   0.0039446674
        0.0142010787   0.0003591409  -0.0206506372   0.0526365046  -0.0690846478
        0.0507058884  -0.1185404118   0.1567384293   0.0036000570   0.0349731722
       -0.0577448975   0.0152614363  -0.0105503156   0.0066183272   0.0018392809
        0.0140444843  -0.0077165767  -0.0227610579   0.0000689119  -0.0015172091
       -0.0011417003   0.0004053195   0.0063037723   0.0001897443  -0.0000018973
       -0.0006045177  -0.0006253046   0.0000881105  -0.0003115474  -0.0000136130
       -0.0000239027  -0.0002130797  -0.0001752959   0.0000386450  -0.0000215258
       -0.0000059345  -0.0001073604   0.0000875209  -0.0309240376   0.0059602031
       -0.0376684934   0.0043808520   0.0075028109  -0.0005273720  -0.0015659602
        0.0016586579   0.0065618025   0.0000008746   0.0000820368  -0.0000547842
       -0.0000095959  -0.0000349167   0.0000239429
        0.0001563105   0.0003347270   0.0001108089  -0.0024243832  -0.0007223527
       -0.0009007611   0.0001597923  -0.0004972958   0.0002287240   0.0040580679
        0.0085070320  -0.0032536245   0.0513052327  -0.0417700972   0.0196433451
       -0.1647013589  -0.0608723125   0.0036000570   0.6195335135  -0.0023620623
        0.0628919978  -0.3073977246  -0.0292974806  -0.0253276286  -0.0266821405
        0.0824010476  -0.0274563880  -0.0447665256  -0.0261776896   0.0025843584
       -0.0023930119   0.0021020535  -0.0008597421  -0.0003888924  -0.0018784330
        0.0004547277   0.0010619327   0.0000858579  -0.0000087203  -0.0000053903
       -0.0001336895   0.0000475865   0.0000251645  -0.0000988303   0.0000426341
        0.0000999053  -0.0000167987  -0.0000143413  -0.0197073603  -0.0234013516
        0.0043592850  -0.0886170074   0.0924633562  -0.0318907281  -0.0185924546
       -0.0012428026  -0.0021825709  -0.0006725325   0.0021729434  -0.0018199158
       -0.0000511372   0.0004041790  -0.0002491037
        0.0003301154   0.0004027519  -0.0000048948  -0.0029357852  -0.0001087024
       -0.0009339504   0.0008347072  -0.0003877414   0.0003946362   0.0052038576
       -0.0011802554   0.0033828848   0.0153593924  -0.0609000959   0.0188045516
       -0.1365960501  -0.2291897510   0.0349731722  -0.0023620623   0.6080330131
       -0.1391843850   0.0463924380  -0.0935419385   0.0179736730   0.0274705834
        0.0201321968  -0.0013036628  -0.0233082666  -0.0080997645  -0.0019860105
        0.0000940953  -0.0015752032  -0.0000484355   0.0001701567   0.0007115400
        0.0001395038  -0.0007199560   0.0002920352  -0.0001973893   0.0000029991
       -0.0000406147  -0.0000603762   0.0000426943   0.0000006026  -0.0000203006
        0.0000357553  -0.0000415582   0.0000854509  -0.0012674416   0.0003548807
       -0.0000422181   0.0920225794  -0.2314115592   0.0671911212  -0.0230546717
       -0.0000457945  -0.0029138529   0.0023211231  -0.0033592337   0.0035705099
       -0.0000362638  -0.0000448077   0.0001799722
        0.0003618542  -0.0005251889  -0.0002037304  -0.0002039926   0.0019986340
        0.0000409334  -0.0001381462  -0.0012369340  -0.0003570900  -0.0016115832
        0.0029848048   0.0067116117   0.0029649354   0.0108198143  -0.0053041296
        0.0246608714   0.0449324041  -0.0577448975   0.0628919978  -0.1391843850
        0.1702294640  -0.0461833043   0.0081734190  -0.0586834946  -0.0116273258
        0.0059331693  -0.0012311698   0.0011798355  -0.0026244358  -0.0037738527
       -0.0002051490   0.0003962569  -0.0015607134  -0.0002391541  -0.0002417412
        0.0008361176   0.0003819469  -0.0000467480   0.0002035985   0.0000392111
        0.0000700328  -0.0001491642  -0.0000389985   0.0002379773  -0.0000348206
       -0.0000304144  -0.0001306676   0.0002091623  -0.0019994599  -0.0022882275
        0.0017044268  -0.0325212511   0.0669829300  -0.0587690469   0.0041738309
        0.0000358446   0.0011548924  -0.0017620932   0.0035326037   0.0062596234
       -0.0000936109   0.0001804371   0.0004622795
       -0.0001353478  -0.0004245171  -0.0000027694   0.0025736001   0.0003701794
        0.0003827225  -0.0007492450  -0.0000370573  -0.0002515804  -0.0033971695
       -0.0038027996   0.0012412934  -0.0362941643   0.0320469751  -0.0133141080
       -0.0430789925  -0.0730452621   0.0152614363  -0.3073977246   0.0463924380
       -0.0461833043   0.6246323499   0.0435767291   0.0543954707  -0.1314896154
        0.0347547393  -0.0220256048   0.0476178437   0.0218062643  -0.0006275735
        0.0011654674  -0.0093945399   0.0020391446   0.0025071783   0.0019527649
       -0.0001924269  -0.0023464967   0.0006146660  -0.0003880475   0.0000639505
       -0.0001039796   0.0000657848  -0.0000104992   0.0000150066  -0.0000355999
        0.0000377931  -0.0000025401  -0.0000204127  -0.0010650707  -0.0033591052
       -0.0002672229  -0.0134519345   0.0022844544  -0.0030929279  -0.1258341189
       -0.1177817810   0.0221826080  -0.0140355143   0.0242252462  -0.0092627798
        0.0006877104  -0.0000878813   0.0000958976
        0.0001491940   0.0002466229   0.0000206122  -0.0011454035  -0.0000335208
       -0.0004317509   0.0004314463  -0.0001860859   0.0002158420   0.0011374531
        0.0015937336  -0.0001265458   0.0270037693  -0.0171114469   0.0070167413
       -0.0208338405   0.0304167405  -0.0105503156  -0.0292974806  -0.0935419385
        0.0081734190   0.0435767291   0.6007114264  -0.1357525141   0.1082682967
       -0.2444735948   0.0724989659  -0.0289331716  -0.0591203209   0.0140996688
       -0.0044858717   0.0015563567   0.0010900801  -0.0011028449  -0.0037831183
        0.0006705718   0.0004780772   0.0003774229  -0.0002789904   0.0000018776
        0.0000244275  -0.0000267120   0.0000537118  -0.0000065052  -0.0000097641
        0.0000112516  -0.0000238968   0.0000594116  -0.0036444329  -0.0028912250
        0.0026500109   0.0240949159  -0.0023025678   0.0042547178  -0.1177164692
       -0.2095514878   0.0350340634   0.0022491295  -0.0020302887   0.0014578419
       -0.0002963374   0.0001292669  -0.0000653537
       -0.0001418584  -0.0003743425  -0.0000521780   0.0007745915   0.0007900714
        0.0007225312  -0.0001922183  -0.0004540959  -0.0003258860  -0.0006592868
       -0.0009168058  -0.0001424314  -0.0120706878   0.0074467969  -0.0089964101
        0.0003674038  -0.0175396081   0.0066183272  -0.0253276286   0.0179736730
       -0.0586834946   0.0543954707  -0.1357525141   0.1669577406  -0.0430395981
        0.0623762211  -0.0757362952   0.0144665786   0.0208747637  -0.0016119620
        0.0002305638   0.0007831951   0.0076509262   0.0007358505   0.0011263057
       -0.0010380070  -0.0002851206  -0.0002680525  -0.0006595884   0.0000049657
        0.0000385666   0.0000139158   0.0000143427   0.0002174005  -0.0000358575
       -0.0000493675  -0.0000726975   0.0001460249   0.0002098883   0.0025863630
        0.0067556001  -0.0087066000   0.0014348716   0.0001554733   0.0220797382
        0.0351669200  -0.0420935294  -0.0029576474   0.0046206344   0.0002731473
        0.0001506198  -0.0000576665   0.0000819530
       -0.0002608538  -0.0000405363  -0.0002365430  -0.0016486072  -0.0009910240
        0.0003000217   0.0001158539  -0.0000801528   0.0001712788  -0.0044430293
        0.0003691643  -0.0022043163  -0.0353359600  -0.0189256367   0.0010402875
        0.0027548164  -0.0035982814   0.0018392809  -0.0266821405   0.0274705834
       -0.0116273258  -0.1314896154   0.1082682967  -0.0430395981   0.6394682547
        0.0083237741   0.0683606421  -0.1575048923  -0.1171051905   0.0196670460
        0.0105747268  -0.0033321207   0.0029231707   0.0015645611   0.0080326770
       -0.0024215412  -0.0032994173   0.0020432867  -0.0011322900  -0.0000868676
       -0.0000291256  -0.0000227856  -0.0000920066   0.0001274142  -0.0000678344
       -0.0001070270   0.0000569457  -0.0000163086   0.0007961185  -0.0001946510
       -0.0000066502  -0.0056190050   0.0004353280  -0.0017950556   0.0060401670
       -0.0130947399   0.0045522867  -0.2953146351   0.0028604329  -0.0366172327
        0.0005695587  -0.0005964442   0.0003334671
       -0.0000149428  -0.0005061887   0.0000249956   0.0023115164   0.0005211360
        0.0010773629  -0.0007687857   0.0006861276  -0.0008634895  -0.0022222658
       -0.0034355261   0.0026212390  -0.0641931333   0.0298018892  -0.0172991453
       -0.0045213176  -0.0559373828   0.0140444843   0.0824010476   0.0201321968
        0.0059331693   0.0347547393  -0.2444735948   0.0623762211   0.0083237741
        0.5599480037  -0.1285769406  -0.0654652138  -0.2003819893   0.0358040806
       -0.0017009729  -0.0411743844   0.0115293196   0.0041410689  -0.0007068689
        0.0014427040  -0.0064045943  -0.0009906071  -0.0004896942   0.0000613318
        0.0001824257   0.0000589541  -0.0000496576   0.0000930514  -0.0000436230
       -0.0001886537  -0.0000063118  -0.0000228602   0.0000142743  -0.0005509337
       -0.0001394101   0.0003602249   0.0013281927   0.0016406253   0.0084105590
       -0.0222193419   0.0078773594   0.0045058631  -0.0416384369   0.0029642500
        0.0002451382  -0.0006714567   0.0000403980
        0.0001032706  -0.0002018080  -0.0001927766  -0.0006582211   0.0010341904
        0.0000528966  -0.0002658957  -0.0003957014   0.0006656629  -0.0011965568
        0.0016605465   0.0047534685   0.0135304802  -0.0113057073   0.0031516762
        0.0022119235   0.0141015933  -0.0077165767  -0.0274563880  -0.0013036628
       -0.0012311698  -0.0220256048   0.0724989659  -0.0757362952   0.0683606421
       -0.1285769406   0.1705805225   0.0053538815   0.0294780903  -0.0555452124
        0.0021979142   0.0110815784  -0.0050343615  -0.0014075156   0.0019816139
        0.0019155009   0.0014163743   0.0006925069   0.0002287036   0.0000211728
        0.0000485555   0.0000850529   0.0001711110  -0.0000331255  -0.0000668000
       -0.0001106514  -0.0000473202  -0.0000797338   0.0001234577   0.0000781681
       -0.0000998651  -0.0017829338   0.0018774248   0.0070792628  -0.0016938317
        0.0048716135  -0.0015715686  -0.0370029818   0.0025396310  -0.0405972964
        0.0001103527  -0.0000802127  -0.0006410908
       -0.0007096926  -0.0005367959  -0.0002687626   0.0033262320   0.0005011069
        0.0030921397  -0.0002243307   0.0002391940  -0.0009529084  -0.0344080721
       -0.0177697553   0.0001813988  -0.2410252645  -0.0118834457  -0.0281479488
       -0.0201549605   0.0704694494  -0.0227610579  -0.0447665256  -0.0233082666
        0.0011798355   0.0476178437  -0.0289331716   0.0144665786  -0.1575048923
       -0.0654652138   0.0053538815   0.5692263069   0.0487340941   0.0503711895
       -0.0795679193   0.0397958173  -0.0145129974   0.0105642820  -0.0161454533
        0.0037988198  -0.0324203109   0.0240333455  -0.0124543804  -0.0000757014
       -0.0000514653   0.0000027545   0.0000208292   0.0000904417  -0.0000583289
       -0.0000245790   0.0000747484   0.0000266229   0.0001578225   0.0017386962
       -0.0010579175  -0.0003108508  -0.0004955495   0.0003432014  -0.0000481735
        0.0022547194  -0.0018408247  -0.0175721338  -0.0218139637   0.0036926892
       -0.0020999092  -0.0015285322  -0.0004539848
       -0.0006899410   0.0000541994  -0.0008073167  -0.0046235225  -0.0037089664
        0.0018474970   0.0009911478   0.0003979400   0.0011394100  -0.0235236824
        0.0023998065  -0.0066409877   0.0292412614  -0.0864061216   0.0146826933
        0.0231802862   0.0116512996   0.0000689119  -0.0261776896  -0.0080997645
       -0.0026244358   0.0218062643  -0.0591203209   0.0208747637  -0.1171051905
       -0.2003819893   0.0294780903   0.0487340941   0.5377533767  -0.1127807202
        0.0382318641  -0.1215885589   0.0220953567  -0.0089067264  -0.0662414614
        0.0222274043   0.0206386672  -0.0017499188   0.0046013877  -0.0001135582
       -0.0003914162  -0.0000620358   0.0002885947  -0.0001797572  -0.0001591850
        0.0000900246  -0.0001830876   0.0000954470   0.0019994613  -0.0035956313
        0.0030892268  -0.0008502797   0.0005788101  -0.0002740781   0.0019151643
       -0.0029640764   0.0033335706  -0.0017087071  -0.0000460867  -0.0003199071
       -0.0034175327   0.0018217248   0.0001349071
       -0.0001530717   0.0000107651   0.0000047092   0.0013231041   0.0004750972
       -0.0006447028  -0.0000695947   0.0000417071   0.0002382791   0.0010427615
       -0.0028707107   0.0028831355  -0.0370365150   0.0098659116  -0.0586429328
       -0.0097159825   0.0052746049  -0.0015172091   0.0025843584  -0.0019860105
       -0.0037738527  -0.0006275735   0.0140996688  -0.0016119620   0.0196670460
        0.0358040806  -0.0555452124   0.0503711895  -0.1127807202   0.1647392583
       -0.0130926801   0.0220104715  -0.0730592512   0.0019254957   0.0209258517
        0.0104964949  -0.0117369618   0.0053324957   0.0003835637   0.0000277294
        0.0000139453  -0.0001852623  -0.0000611355   0.0000300603  -0.0001613308
        0.0000493413   0.0000714636  -0.0002258774  -0.0011650639   0.0030556045
        0.0055323573   0.0002734902  -0.0003602466  -0.0003576656  -0.0016060931
        0.0034100449   0.0062739515  -0.0019679027  -0.0029257772   0.0008000535
       -0.0000319416   0.0005016924   0.0043734560
        0.0020558316   0.0005911206   0.0002495098  -0.0090114828  -0.0011312980
       -0.0058845659   0.0022365053  -0.0014561439   0.0037682338   0.0090715817
        0.0023361453   0.0020066586  -0.0241661020   0.0197511420  -0.0083801685
       -0.0054583308  -0.0020348287  -0.0011417003  -0.0023930119   0.0000940953
       -0.0002051490   0.0011654674  -0.0044858717   0.0002305638   0.0105747268
       -0.0017009729   0.0021979142  -0.0795679193   0.0382318641  -0.0130926801
        0.4069635010   0.0763514000   0.0116841872  -0.1688609170  -0.1371441508
        0.0245966848  -0.1223494768   0.0008732420  -0.0115433637   0.0005068866
       -0.0007427220   0.0000846259   0.0002067491  -0.0005948543   0.0002393078
        0.0003138998  -0.0006350881  -0.0000605565  -0.0007271004   0.0007294731
       -0.0002064190  -0.0006537366   0.0000737426   0.0004911879  -0.0003356328
       -0.0007303286   0.0004009702  -0.0007753798  -0.0018211820   0.0009712339
       -0.0187960591   0.0134452160  -0.0064064751
       -0.0001172846  -0.0014194692   0.0004533102   0.0056463127   0.0019545320
        0.0029610683  -0.0017637081   0.0006016991  -0.0025671778  -0.0104905386
       -0.0109544155   0.0006669017   0.0303232121   0.0059156042   0.0017221488
        0.0007201020   0.0054311665   0.0004053195   0.0021020535  -0.0015752032
        0.0003962569  -0.0093945399   0.0015563567   0.0007831951  -0.0033321207
       -0.0411743844   0.0110815784   0.0397958173  -0.1215885589   0.0220104715
        0.0763514000   0.5870710318  -0.0999100081  -0.1470744812  -0.3411915568
        0.0524879882  -0.0075025781  -0.0918381142   0.0094940546   0.0001555773
        0.0000187102   0.0002970158  -0.0002972330   0.0003304462   0.0002875069
       -0.0003082147  -0.0000826643   0.0000500128  -0.0004245323   0.0003799601
       -0.0001488113   0.0000327759  -0.0001827803  -0.0009979641   0.0003159191
       -0.0002947555  -0.0001544462   0.0000699013   0.0004139503  -0.0010682858
        0.0251921600   0.0066284452   0.0017498646
       -0.0000723331   0.0008754689   0.0004630089  -0.0021700926  -0.0017223821
       -0.0005989049   0.0005542380  -0.0002856314   0.0010243963   0.0044440847
        0.0027512535  -0.0033187117  -0.0110196630   0.0009571482  -0.0030588026
       -0.0021623883   0.0002462823   0.0063037723  -0.0008597421  -0.0000484355
       -0.0015607134   0.0020391446   0.0010900801   0.0076509262   0.0029231707
        0.0115293196  -0.0050343615  -0.0145129974   0.0220953567  -0.0730592512
        0.0116841872  -0.0999100081   0.2255277215   0.0270298978   0.0540349517
       -0.0865501298  -0.0088033792   0.0107886629  -0.0589794160  -0.0000171070
       -0.0000222837   0.0004153439   0.0000446834   0.0003453848   0.0005361167
       -0.0000569416  -0.0000883022   0.0008299652   0.0001649289  -0.0000124886
       -0.0005877631   0.0004079068  -0.0009180213  -0.0032787194   0.0000503821
       -0.0003033097  -0.0008746197   0.0002618498  -0.0012257217  -0.0023061364
       -0.0099298297  -0.0001773243  -0.0035437214
       -0.0009431306   0.0000587618  -0.0002256967   0.0017252361   0.0010367360
        0.0026830532  -0.0001622430   0.0004244205  -0.0017851223  -0.0048053499
        0.0072322300  -0.0035655035  -0.0059868975  -0.0033217318   0.0002141523
       -0.0000087594  -0.0003010113   0.0001897443  -0.0003888924   0.0001701567
       -0.0002391541   0.0025071783  -0.0011028449   0.0007358505   0.0015645611
        0.0041410689  -0.0014075156   0.0105642820  -0.0089067264   0.0019254957
       -0.1688609170  -0.1470744812   0.0270298978   0.2370237896   0.2019750451
       -0.0267969252  -0.0774389250  -0.0541955257   0.0000713310  -0.0003324957
        0.0005747306  -0.0001152251  -0.0000423431   0.0003652258  -0.0001454349
       -0.0002590947   0.0003053270   0.0001880472   0.0002177824   0.0001059300
       -0.0000817840   0.0003848569   0.0000630217  -0.0001446640   0.0003786257
       -0.0001275078  -0.0000398083   0.0002198290   0.0002342844  -0.0001696020
        0.0046429070  -0.0016571093   0.0016788635
       -0.0000602533   0.0006550625  -0.0002647663  -0.0018773702  -0.0018826873
       -0.0016008297   0.0009375022  -0.0000276473   0.0016063803   0.0063643818
        0.0036654608   0.0001860688  -0.0109464025  -0.0023759382  -0.0009404379
       -0.0016704615  -0.0010967947  -0.0000018973  -0.0018784330   0.0007115400
       -0.0002417412   0.0019527649  -0.0037831183   0.0011263057   0.0080326770
       -0.0007068689   0.0019816139  -0.0161454533  -0.0662414614   0.0209258517
       -0.1371441508  -0.3411915568   0.0540349517   0.2019750451   0.4198183546
       -0.0758148385  -0.0515031944  -0.0046230834  -0.0010054356   0.0000985015
       -0.0003421296  -0.0001156976   0.0004134598  -0.0005886647  -0.0001316219
        0.0004579840  -0.0002393441  -0.0000921379  -0.0001320374  -0.0001537850
        0.0000113615  -0.0003693195   0.0000538858   0.0002437622  -0.0000598293
       -0.0005875106   0.0004080127   0.0003795061   0.0009323836   0.0000759064
        0.0011750829  -0.0019960971  -0.0003908109
       -0.0002282879  -0.0000422310  -0.0005360794   0.0020781499  -0.0004090387
       -0.0005204838  -0.0007901138   0.0011400082  -0.0004245213  -0.0028522892
        0.0001165436   0.0004110619   0.0022933369  -0.0000113624  -0.0003851824
        0.0004934496  -0.0000593949  -0.0006045177   0.0004547277   0.0001395038
        0.0008361176  -0.0001924269   0.0006705718  -0.0010380070  -0.0024215412
        0.0014427040   0.0019155009   0.0037988198   0.0222274043   0.0104964949
        0.0245966848   0.0524879882  -0.0865501298  -0.0267969252  -0.0758148385
        0.0599103930  -0.0011264973  -0.0014477108   0.0204359508   0.0000886785
       -0.0000603657  -0.0006726489  -0.0001179175  -0.0004472413  -0.0007345259
        0.0001384530   0.0001184512  -0.0011729013   0.0000477499  -0.0000135460
        0.0000887727  -0.0000006324   0.0002493590   0.0008889488  -0.0000534349
        0.0003486023   0.0006419895  -0.0002409909   0.0000800573   0.0009702112
        0.0008310069  -0.0007154644  -0.0039564438
       -0.0008984382  -0.0008070397  -0.0000996692   0.0055508326   0.0009347444
        0.0039145291  -0.0010268537   0.0006769518  -0.0027115974  -0.0059762316
       -0.0028891786  -0.0002524919   0.0079618464   0.0052619691  -0.0011423253
       -0.0002526248   0.0021388741  -0.0006253046   0.0010619327  -0.0007199560
        0.0003819469  -0.0023464967   0.0004780772  -0.0002851206  -0.0032994173
       -0.0064045943   0.0014163743  -0.0324203109   0.0206386672  -0.0117369618
       -0.1223494768  -0.0075025781  -0.0088033792  -0.0774389250  -0.0515031944
       -0.0011264973   0.3078791916  -0.0468679427   0.0546588640  -0.0000792249
        0.0001956099  -0.0000844105   0.0000938727   0.0000674454  -0.0001344812
        0.0001460186   0.0001188145   0.0000978935  -0.0001377990   0.0002637641
       -0.0000092017   0.0000475936  -0.0000891387   0.0000004540   0.0000374626
        0.0001059679  -0.0000348866   0.0006410989   0.0010452948  -0.0003074956
       -0.0771940508   0.0848574419  -0.0331162391
       -0.0000851102   0.0005992607   0.0000088626  -0.0010702185  -0.0005592248
       -0.0007389198   0.0002437906   0.0005702463   0.0005956409   0.0005703933
        0.0006401179   0.0000352173   0.0003495084  -0.0055919785   0.0020467431
        0.0013553692   0.0001879635   0.0000881105   0.0000858579   0.0002920352
       -0.0000467480   0.0006146660   0.0003774229  -0.0002680525   0.0020432867
       -0.0009906071   0.0006925069   0.0240333455  -0.0017499188   0.0053324957
        0.0008732420  -0.0918381142   0.0107886629  -0.0541955257  -0.0046230834
       -0.0014477108  -0.0468679427   0.3276956185  -0.0872223076  -0.0001247077
        0.0003679179   0.0000366682  -0.0000038325   0.0000438243  -0.0000177334
       -0.0002439343   0.0001847335  -0.0000217749   0.0003674576  -0.0002597815
        0.0001134117   0.0002590653   0.0000126855   0.0001073324   0.0001690502
       -0.0001143593   0.0000136462   0.0005062482  -0.0009792197   0.0002987980
        0.0711199907  -0.2242655392   0.0696051505
       -0.0005797880   0.0001150235   0.0003538844   0.0021455915  -0.0004685948
        0.0005127571  -0.0014252041   0.0008383693   0.0002145315  -0.0007621472
       -0.0006910489  -0.0002994132   0.0009876126   0.0025242327   0.0004112058
       -0.0003766973   0.0003388634  -0.0003115474  -0.0000087203  -0.0001973893
        0.0002035985  -0.0003880475  -0.0002789904  -0.0006595884  -0.0011322900
       -0.0004896942   0.0002287036  -0.0124543804   0.0046013877   0.0003835637
       -0.0115433637   0.0094940546  -0.0589794160   0.0000713310  -0.0010054356
        0.0204359508   0.0546588640  -0.0872223076   0.0831243334  -0.0000192210
        0.0000483537   0.0006229135   0.0003218670  -0.0001179570   0.0002333442
       -0.0001330161   0.0001109679  -0.0000095290  -0.0001023716   0.0001216035
        0.0001005245  -0.0000805372   0.0000621293   0.0002338493  -0.0000026388
       -0.0000056653  -0.0001536041  -0.0000115546   0.0003395909  -0.0005279251
       -0.0291652882   0.0718825064  -0.0461181371
       -0.2270687201   0.0388414812  -0.0432219375  -0.0212637767  -0.0010138966
       -0.0019671888   0.0018569706   0.0015011520  -0.0023126501  -0.0011558921
       -0.0022842686   0.0012887484  -0.0003572360  -0.0000348699  -0.0004455565
       -0.0000745963   0.0001021293  -0.0000136130  -0.0000053903   0.0000029991
        0.0000392111   0.0000639505   0.0000018776   0.0000049657  -0.0000868676
        0.0000613318   0.0000211728  -0.0000757014  -0.0001135582   0.0000277294
        0.0005068866   0.0001555773  -0.0000171070  -0.0003324957   0.0000985015
        0.0000886785  -0.0000792249  -0.0001247077  -0.0000192210   0.2624703179
       -0.0438179340   0.0519569367  -0.0044139483   0.0016288120  -0.0036518704
       -0.0097870524   0.0051590067  -0.0017576159  -0.0000489641  -0.0001378758
       -0.0000407493  -0.0000437292  -0.0000186375  -0.0000128059  -0.0000357713
        0.0000167661  -0.0000110160  -0.0000073319   0.0000312661   0.0000236047
       -0.0000614273  -0.0000551523   0.0000202843
        0.0403603131  -0.0509102661   0.0112504728  -0.0199192583   0.0016512403
       -0.0025604369   0.0001151017   0.0003410969  -0.0027274353  -0.0024516023
       -0.0025106204   0.0012893728  -0.0010928150  -0.0004273450  -0.0003992952
       -0.0000711031  -0.0000267312  -0.0000239027  -0.0001336895  -0.0000406147
        0.0000700328  -0.0001039796   0.0000244275   0.0000385666  -0.0000291256
        0.0001824257   0.0000485555  -0.0000514653  -0.0003914162   0.0000139453
       -0.0007427220   0.0000187102  -0.0000222837   0.0005747306  -0.0003421296
       -0.0000603657   0.0001956099   0.0003679179   0.0000483537  -0.0438179340
        0.0584740930  -0.0125230520   0.0023432046   0.0002077248   0.0008252113
        0.0250578557  -0.0070186642   0.0046501845  -0.0001562761  -0.0000914729
        0.0000046160  -0.0001114644   0.0000003781   0.0000523990  -0.0000870949
        0.0000678262   0.0000318026  -0.0000828522   0.0000777821   0.0000289976
        0.0002045666   0.0003456377  -0.0000357389
       -0.0425544451   0.0121249825  -0.0574492826   0.0068059732  -0.0053969406
        0.0033848197   0.0005046905   0.0011062305  -0.0010356006   0.0011740600
        0.0012892633   0.0005168057  -0.0001471417   0.0002408273   0.0004884775
        0.0001110602   0.0000415359  -0.0002130797   0.0000475865  -0.0000603762
       -0.0001491642   0.0000657848  -0.0000267120   0.0000139158  -0.0000227856
        0.0000589541   0.0000850529   0.0000027545  -0.0000620358  -0.0001852623
        0.0000846259   0.0002970158   0.0004153439  -0.0001152251  -0.0001156976
       -0.0006726489  -0.0000844105   0.0000366682   0.0006229135   0.0519569367
       -0.0125230520   0.0601600885  -0.0282882155   0.0064333711  -0.0097376204
        0.0105355270  -0.0033736079   0.0033630647   0.0000046925  -0.0000681802
       -0.0000980297   0.0000345279  -0.0000328695  -0.0001341204   0.0000112079
       -0.0000179222  -0.0000236721   0.0000010044   0.0000301408   0.0001290757
       -0.0001282086   0.0000184045   0.0005189229
       -0.0514054002   0.0000021561  -0.0212947828   0.0026686661   0.0024105061
        0.0153667183   0.0001467139  -0.0057101566   0.0037149795   0.0001594288
        0.0000925419  -0.0005238809   0.0000159509  -0.0003476095   0.0001278560
        0.0000765312   0.0000931757  -0.0001752959   0.0000251645   0.0000426943
       -0.0000389985  -0.0000104992   0.0000537118   0.0000143427  -0.0000920066
       -0.0000496576   0.0001711110   0.0000208292   0.0002885947  -0.0000611355
        0.0002067491  -0.0002972330   0.0000446834  -0.0000423431   0.0004134598
       -0.0001179175   0.0000938727  -0.0000038325   0.0003218670  -0.0044139483
        0.0023432046  -0.0282882155   0.0511364741   0.0002293680   0.0229257876
        0.0016617389   0.0003545444   0.0073974120  -0.0000016055   0.0000253293
       -0.0001088711  -0.0000135044  -0.0000015472  -0.0000676012  -0.0000326190
        0.0000396215   0.0000522837   0.0000042698   0.0000596327   0.0001304657
       -0.0002044630  -0.0000385046   0.0004091920
        0.0007520561  -0.0426594712   0.0079661485   0.0000622074  -0.0032734816
        0.0208962884  -0.0031271349  -0.0050147646   0.0050664666   0.0019622465
        0.0005484039  -0.0001997480  -0.0001332812  -0.0003412972   0.0001423859
        0.0000407872   0.0000875600   0.0000386450  -0.0000988303   0.0000006026
        0.0002379773   0.0000150066  -0.0000065052   0.0002174005   0.0001274142
        0.0000930514  -0.0000331255   0.0000904417  -0.0001797572   0.0000300603
       -0.0005948543   0.0003304462   0.0003453848   0.0003652258  -0.0005886647
       -0.0004472413   0.0000674454   0.0000438243  -0.0001179570   0.0016288120
        0.0002077248   0.0064333711   0.0002293680   0.0499044142  -0.0148603906
       -0.0015647581   0.0006901972  -0.0260574627  -0.0000203429   0.0000241213
        0.0002040760   0.0000143285   0.0000818451   0.0002332634   0.0000280440
        0.0000307010   0.0001973525  -0.0000028745  -0.0000014888   0.0000769342
        0.0001586929   0.0000225384  -0.0003698293
       -0.0196471028   0.0093548588  -0.2414515328  -0.0003610621   0.0034423559
       -0.0159252166   0.0024466006   0.0042087105  -0.0016129645  -0.0003112574
       -0.0005435714   0.0012720158  -0.0002238011   0.0000186332   0.0001214952
       -0.0000333763  -0.0001334312  -0.0000215258   0.0000426341  -0.0000203006
       -0.0000348206  -0.0000355999  -0.0000097641  -0.0000358575  -0.0000678344
       -0.0000436230  -0.0000668000  -0.0000583289  -0.0001591850  -0.0001613308
        0.0002393078   0.0002875069   0.0005361167  -0.0001454349  -0.0001316219
       -0.0007345259  -0.0001344812  -0.0000177334   0.0002333442  -0.0036518704
        0.0008252113  -0.0097376204   0.0229257876  -0.0148603906   0.2830811058
       -0.0009005885  -0.0021207703  -0.0152636345  -0.0000313071  -0.0000101828
       -0.0000428481  -0.0000251639  -0.0000406358  -0.0000715989  -0.0000162265
       -0.0000205778  -0.0001132027  -0.0000051056   0.0000017084  -0.0000282837
       -0.0000057891  -0.0000271971   0.0000576848
       -0.0539217623   0.0453610990   0.0218688760   0.0053001293  -0.0144667587
       -0.0054339014  -0.0008516262   0.0005127895   0.0002892321  -0.0023541903
       -0.0006896538   0.0001685826  -0.0007831178  -0.0000949314   0.0003499751
        0.0000059901   0.0001200907  -0.0000059345   0.0000999053   0.0000357553
       -0.0000304144   0.0000377931   0.0000112516  -0.0000493675  -0.0001070270
       -0.0001886537  -0.0001106514  -0.0000245790   0.0000900246   0.0000493413
        0.0003138998  -0.0003082147  -0.0000569416  -0.0002590947   0.0004579840
        0.0001384530   0.0001460186  -0.0002439343  -0.0001330161  -0.0097870524
        0.0250578557   0.0105355270   0.0016617389  -0.0015647581  -0.0009005885
        0.0604983246  -0.0537994074  -0.0264842795   0.0000367202   0.0000997905
        0.0000619352   0.0000560866   0.0000191288   0.0000015271   0.0000620526
       -0.0000347861  -0.0000379491   0.0000530094  -0.0000909456  -0.0000829134
       -0.0001832187  -0.0002837258  -0.0001374919
        0.0496160460  -0.1963486416  -0.0756782597   0.0015537382  -0.0264528180
       -0.0041692401  -0.0021547257   0.0019144114  -0.0001239230  -0.0001031986
       -0.0001753933   0.0005391498  -0.0008363900   0.0000107718   0.0003345662
        0.0000850124   0.0000732736  -0.0001073604  -0.0000167987  -0.0000415582
       -0.0001306676  -0.0000025401  -0.0000238968  -0.0000726975   0.0000569457
       -0.0000063118  -0.0000473202   0.0000747484  -0.0001830876   0.0000714636
       -0.0006350881  -0.0000826643  -0.0000883022   0.0003053270  -0.0002393441
        0.0001184512   0.0001188145   0.0001847335   0.0001109679   0.0051590067
       -0.0070186642  -0.0033736079   0.0003545444   0.0006901972  -0.0021207703
       -0.0537994074   0.2276045112   0.0849251871   0.0000122907   0.0000806850
       -0.0000678349   0.0000848397   0.0000039275  -0.0001061961   0.0000751758
       -0.0000522933  -0.0000744328   0.0000037462  -0.0000596973  -0.0000331460
        0.0000479131   0.0001218592   0.0000939733
        0.0226363060  -0.0708227720  -0.0734473761  -0.0036917150   0.0060474885
        0.0048746924   0.0016503722   0.0008595725  -0.0025386289  -0.0000981813
        0.0003298805   0.0002936766   0.0002203229  -0.0001447477  -0.0000182372
        0.0000526811   0.0001418578   0.0000875209  -0.0000143413   0.0000854509
        0.0002091623  -0.0000204127   0.0000594116   0.0001460249  -0.0000163086
       -0.0000228602  -0.0000797338   0.0000266229   0.0000954470  -0.0002258774
       -0.0000605565   0.0000500128   0.0008299652   0.0001880472  -0.0000921379
       -0.0011729013   0.0000978935  -0.0000217749  -0.0000095290  -0.0017576159
        0.0046501845   0.0033630647   0.0073974120  -0.0260574627  -0.0152636345
       -0.0264842795   0.0849251871   0.0828452369  -0.0000540159  -0.0000374216
        0.0001887199  -0.0000549905   0.0000464030   0.0002045051  -0.0000455451
        0.0000343398   0.0000773995   0.0000051788   0.0000280828  -0.0000032864
        0.0000231259  -0.0001541418  -0.0003607640
       -0.0001307428   0.0000349120   0.0000340347   0.0008101249   0.0001137664
        0.0000716204  -0.0007116701  -0.0013247070  -0.0004571665   0.0004596408
       -0.0010216548   0.0002751518  -0.0140457805   0.0026376094  -0.0024738922
       -0.2966847919   0.0232799935  -0.0309240376  -0.0197073603  -0.0012674416
       -0.0019994599  -0.0010650707  -0.0036444329   0.0002098883   0.0007961185
        0.0000142743   0.0001234577   0.0001578225   0.0019994613  -0.0011650639
       -0.0007271004  -0.0004245323   0.0001649289   0.0002177824  -0.0001320374
        0.0000477499  -0.0001377990   0.0003674576  -0.0001023716  -0.0000489641
       -0.0001562761   0.0000046925  -0.0000016055  -0.0000203429  -0.0000313071
        0.0000367202   0.0000122907  -0.0000540159   0.3307774246  -0.0214365381
        0.0361435668   0.0007641569   0.0006751179   0.0001086962  -0.0009022936
        0.0001019704  -0.0001323302   0.0000918721   0.0000600973   0.0002010241
        0.0000515161   0.0001310124  -0.0000451664
       -0.0000680097   0.0002099671  -0.0001162221   0.0011008166  -0.0022114333
        0.0019336861  -0.0012740079  -0.0007249601  -0.0018313285  -0.0004504374
        0.0019323863  -0.0014382692   0.0241863785  -0.0020215113   0.0034396143
        0.0240181238  -0.0442991218   0.0059602031  -0.0234013516   0.0003548807
       -0.0022882275  -0.0033591052  -0.0028912250   0.0025863630  -0.0001946510
       -0.0005509337   0.0000781681   0.0017386962  -0.0035956313   0.0030556045
        0.0007294731   0.0003799601  -0.0000124886   0.0001059300  -0.0001537850
       -0.0000135460   0.0002637641  -0.0002597815   0.0001216035  -0.0001378758
       -0.0000914729  -0.0000681802   0.0000253293   0.0000241213  -0.0000101828
        0.0000997905   0.0000806850  -0.0000374216  -0.0214365381   0.0536179156
       -0.0100792945  -0.0009856674   0.0003178027  -0.0007831106  -0.0011780266
       -0.0000558979  -0.0001560742   0.0000371839  -0.0001282377  -0.0003713632
        0.0001801847   0.0000662726   0.0000304663
        0.0001507007  -0.0000097262  -0.0001457892  -0.0003056758   0.0000448022
        0.0010977410   0.0001936029  -0.0010459762  -0.0007042030  -0.0002762732
       -0.0015437217  -0.0022621776  -0.0090207817   0.0026878613  -0.0007072204
       -0.0305649820   0.0053164887  -0.0376684934   0.0043592850  -0.0000422181
        0.0017044268  -0.0002672229   0.0026500109   0.0067556001  -0.0000066502
       -0.0001394101  -0.0000998651  -0.0010579175   0.0030892268   0.0055323573
       -0.0002064190  -0.0001488113  -0.0005877631  -0.0000817840   0.0000113615
        0.0000887727  -0.0000092017   0.0001134117   0.0001005245  -0.0000407493
        0.0000046160  -0.0000980297  -0.0001088711   0.0002040760  -0.0000428481
        0.0000619352  -0.0000678349   0.0001887199   0.0361435668  -0.0100792945
        0.0301283317   0.0006507115  -0.0006715690  -0.0021301442   0.0002660224
       -0.0000106743  -0.0001045794   0.0002161733  -0.0004295367  -0.0014060548
       -0.0000954695   0.0000669177   0.0003606940
       -0.0001824784   0.0000740526   0.0000028355   0.0006412266  -0.0002113763
        0.0000809601  -0.0003896261   0.0000431377   0.0000157998  -0.0000845742
       -0.0009513177   0.0002398509  -0.0008314360  -0.0025442872  -0.0004530490
        0.0059947296  -0.0131392462   0.0043808520  -0.0886170074   0.0920225794
       -0.0325212511  -0.0134519345   0.0240949159  -0.0087066000  -0.0056190050
        0.0003602249  -0.0017829338  -0.0003108508  -0.0008502797   0.0002734902
       -0.0006537366   0.0000327759   0.0004079068   0.0003848569  -0.0003693195
       -0.0000006324   0.0000475936   0.0002590653  -0.0000805372  -0.0000437292
       -0.0001114644   0.0000345279  -0.0000135044   0.0000143285  -0.0000251639
        0.0000560866   0.0000848397  -0.0000549905   0.0007641569  -0.0009856674
        0.0006507115   0.1024823137  -0.1001409609   0.0380224660   0.0003752511
        0.0008530014   0.0000584982  -0.0007232936   0.0012357541  -0.0004080733
        0.0001749613   0.0002292439  -0.0001346677
       -0.0000875758  -0.0001751688  -0.0000366419   0.0003564601   0.0004484502
        0.0004818753   0.0000116143  -0.0002462522  -0.0002638758  -0.0000777302
       -0.0017907083   0.0003227724  -0.0029672343  -0.0014949052   0.0023542737
        0.0080896111  -0.0222368991   0.0075028109   0.0924633562  -0.2314115592
        0.0669829300   0.0022844544  -0.0023025678   0.0014348716   0.0004353280
        0.0013281927   0.0018774248  -0.0004955495   0.0005788101  -0.0003602466
        0.0000737426  -0.0001827803  -0.0009180213   0.0000630217   0.0000538858
        0.0002493590  -0.0000891387   0.0000126855   0.0000621293  -0.0000186375
        0.0000003781  -0.0000328695  -0.0000015472   0.0000818451  -0.0000406358
        0.0000191288   0.0000039275   0.0000464030   0.0006751179   0.0003178027
       -0.0006715690  -0.1001409609   0.2566722834  -0.0781709624  -0.0006340801
        0.0005579095  -0.0008329318   0.0000257030  -0.0002312879  -0.0001133528
        0.0000149160   0.0000159583   0.0001262568
        0.0001883975  -0.0004740824  -0.0001174821  -0.0005307265   0.0012615900
        0.0006781122   0.0003901042  -0.0012062139  -0.0004733587  -0.0002237732
        0.0003083592  -0.0004033616  -0.0002431490   0.0029535097   0.0073901494
       -0.0020079157   0.0043337797  -0.0005273720  -0.0318907281   0.0671911212
       -0.0587690469  -0.0030929279   0.0042547178   0.0001554733  -0.0017950556
        0.0016406253   0.0070792628   0.0003432014  -0.0002740781  -0.0003576656
        0.0004911879  -0.0009979641  -0.0032787194  -0.0001446640   0.0002437622
        0.0008889488   0.0000004540   0.0001073324   0.0002338493  -0.0000128059
        0.0000523990  -0.0001341204  -0.0000676012   0.0002332634  -0.0000715989
        0.0000015271  -0.0001061961   0.0002045051   0.0001086962  -0.0007831106
       -0.0021301442   0.0380224660  -0.0781709624   0.0516278510   0.0004878882
       -0.0006595141  -0.0017719665   0.0000320068  -0.0000160092  -0.0006784374
       -0.0000565822   0.0001076710   0.0004551217
       -0.0001213329   0.0000047304   0.0000042354   0.0005429152  -0.0000149101
        0.0000497237  -0.0003493805  -0.0001342104  -0.0000365453  -0.0000120960
        0.0003256238   0.0000632238  -0.0001742625   0.0007831345  -0.0003412407
       -0.0055539950   0.0000603426  -0.0015659602  -0.0185924546  -0.0230546717
        0.0041738309  -0.1258341189  -0.1177164692   0.0220797382   0.0060401670
        0.0084105590  -0.0016938317  -0.0000481735   0.0019151643  -0.0016060931
       -0.0003356328   0.0003159191   0.0000503821   0.0003786257  -0.0000598293
       -0.0000534349   0.0000374626   0.0001690502  -0.0000026388  -0.0000357713
       -0.0000870949   0.0000112079  -0.0000326190   0.0000280440  -0.0000162265
        0.0000620526   0.0000751758  -0.0000455451  -0.0009022936  -0.0011780266
        0.0002660224   0.0003752511  -0.0006340801   0.0004878882   0.1436689551
        0.1294079942  -0.0218393158   0.0007417380   0.0011630303   0.0001013827
        0.0001449635   0.0002205240  -0.0000868033
       -0.0000273735  -0.0001195305  -0.0000182220  -0.0000697441   0.0002909332
        0.0002319916   0.0001099656  -0.0001431213  -0.0001482201   0.0001866032
       -0.0000506652  -0.0005395982   0.0006217621   0.0002563318   0.0002346600
       -0.0000051766   0.0016338119   0.0016586579  -0.0012428026  -0.0000457945
        0.0000358446  -0.1177817810  -0.2095514878   0.0351669200  -0.0130947399
       -0.0222193419   0.0048716135   0.0022547194  -0.0029640764   0.0034100449
       -0.0007303286  -0.0002947555  -0.0003033097  -0.0001275078  -0.0005875106
        0.0003486023   0.0001059679  -0.0001143593  -0.0000056653   0.0000167661
        0.0000678262  -0.0000179222   0.0000396215   0.0000307010  -0.0000205778
       -0.0000347861  -0.0000522933   0.0000343398   0.0001019704  -0.0000558979
       -0.0000106743   0.0008530014   0.0005579095  -0.0006595141   0.1294079942
        0.2332797776  -0.0435033743  -0.0004849455   0.0002328313  -0.0008603568
       -0.0000991862  -0.0001512882   0.0000947603
       -0.0001723252  -0.0003205679  -0.0000865166   0.0002445702   0.0007238299
        0.0007187089  -0.0001523064  -0.0007763709  -0.0003451973   0.0002513671
       -0.0002289218  -0.0017867052  -0.0003364354   0.0002584774   0.0006424540
       -0.0015217074   0.0016446600   0.0065618025  -0.0021825709  -0.0029138529
        0.0011548924   0.0221826080   0.0350340634  -0.0420935294   0.0045522867
        0.0078773594  -0.0015715686  -0.0018408247   0.0033335706   0.0062739515
        0.0004009702  -0.0001544462  -0.0008746197  -0.0000398083   0.0004080127
        0.0006419895  -0.0000348866   0.0000136462  -0.0001536041  -0.0000110160
        0.0000318026  -0.0000236721   0.0000522837   0.0001973525  -0.0001132027
       -0.0000379491  -0.0000744328   0.0000773995  -0.0001323302  -0.0001560742
       -0.0001045794   0.0000584982  -0.0008329318  -0.0017719665  -0.0218393158
       -0.0435033743   0.0347828443   0.0005540962  -0.0006544359  -0.0020898011
        0.0000047957   0.0000926342   0.0001609202
       -0.0000534337  -0.0000821245  -0.0000290763  -0.0000217904  -0.0000512030
        0.0001619070  -0.0000327114  -0.0000813719  -0.0000278202  -0.0005883500
        0.0002935710  -0.0003010910   0.0000083118  -0.0030135110  -0.0000200504
        0.0007421756   0.0003117477   0.0000008746  -0.0006725325   0.0023211231
       -0.0017620932  -0.0140355143   0.0022491295  -0.0029576474  -0.2953146351
        0.0045058631  -0.0370029818  -0.0175721338  -0.0017087071  -0.0019679027
       -0.0007753798   0.0000699013   0.0002618498   0.0002198290   0.0003795061
       -0.0002409909   0.0006410989   0.0005062482  -0.0000115546  -0.0000073319
       -0.0000828522   0.0000010044   0.0000042698  -0.0000028745  -0.0000051056
        0.0000530094   0.0000037462   0.0000051788   0.0000918721   0.0000371839
        0.0002161733  -0.0007232936   0.0000257030   0.0000320068   0.0007417380
       -0.0004849455   0.0005540962   0.3271893267  -0.0056918653   0.0432457692
        0.0001054750   0.0004957320  -0.0001525461
       -0.0000855993  -0.0001117649  -0.0000446433  -0.0002353818  -0.0000378067
        0.0003237418   0.0000616266   0.0001361899  -0.0000837770  -0.0014321733
       -0.0005852765  -0.0002142753  -0.0018349622  -0.0026151565   0.0024040904
       -0.0001127233  -0.0003077871   0.0000820368   0.0021729434  -0.0033592337
        0.0035326037   0.0242252462  -0.0020302887   0.0046206344   0.0028604329
       -0.0416384369   0.0025396310  -0.0218139637  -0.0000460867  -0.0029257772
       -0.0018211820   0.0004139503  -0.0012257217   0.0002342844   0.0009323836
        0.0000800573   0.0010452948  -0.0009792197   0.0003395909   0.0000312661
        0.0000777821   0.0000301408   0.0000596327  -0.0000014888   0.0000017084
       -0.0000909456  -0.0000596973   0.0000280828   0.0000600973  -0.0001282377
       -0.0004295367   0.0012357541  -0.0002312879  -0.0000160092   0.0011630303
        0.0002328313  -0.0006544359  -0.0056918653   0.0504634521  -0.0084846029
       -0.0000308122  -0.0001248203   0.0000964609
       -0.0002214830  -0.0000788611  -0.0000075090   0.0007731952   0.0003350917
        0.0002526812  -0.0007006660  -0.0002517018   0.0000645463   0.0003481358
        0.0001092098  -0.0000034152  -0.0000381441   0.0021860147   0.0057545323
        0.0001385324   0.0003523103  -0.0000547842  -0.0018199158   0.0035705099
        0.0062596234  -0.0092627798   0.0014578419   0.0002731473  -0.0366172327
        0.0029642500  -0.0405972964   0.0036926892  -0.0003199071   0.0008000535
        0.0009712339  -0.0010682858  -0.0023061364  -0.0001696020   0.0000759064
        0.0009702112  -0.0003074956   0.0002987980  -0.0005279251   0.0000236047
        0.0000289976   0.0001290757   0.0001304657   0.0000769342  -0.0000282837
       -0.0000829134  -0.0000331460  -0.0000032864   0.0002010241  -0.0003713632
       -0.0014060548  -0.0004080733  -0.0001133528  -0.0006784374   0.0001013827
       -0.0008603568  -0.0020898011   0.0432457692  -0.0084846029   0.0331646389
        0.0000022726   0.0001257128   0.0000344197
        0.0001909574   0.0001413943  -0.0000246942  -0.0012193884   0.0003115599
       -0.0004693675   0.0005474246  -0.0001125814   0.0001288129   0.0009610091
        0.0004603643   0.0001247938  -0.0016795464   0.0006231650  -0.0004062192
       -0.0003892332  -0.0001583741  -0.0000095959  -0.0000511372  -0.0000362638
       -0.0000936109   0.0006877104  -0.0002963374   0.0001506198   0.0005695587
        0.0002451382   0.0001103527  -0.0020999092  -0.0034175327  -0.0000319416
       -0.0187960591   0.0251921600  -0.0099298297   0.0046429070   0.0011750829
        0.0008310069  -0.0771940508   0.0711199907  -0.0291652882  -0.0000614273
        0.0002045666  -0.0001282086  -0.0002044630   0.0001586929  -0.0000057891
       -0.0001832187   0.0000479131   0.0000231259   0.0000515161   0.0001801847
       -0.0000954695   0.0001749613   0.0000149160  -0.0000565822   0.0001449635
       -0.0000991862   0.0000047957   0.0001054750  -0.0000308122   0.0000022726
        0.0938019502  -0.0957240407   0.0390408164
       -0.0001291406   0.0002375203  -0.0000089477  -0.0001119861  -0.0001575831
       -0.0000531948  -0.0000222926   0.0007363341   0.0000536462  -0.0001877396
       -0.0004978190  -0.0000304381   0.0003594877   0.0001935207   0.0000538974
        0.0002797124   0.0001576216  -0.0000349167   0.0004041790  -0.0000448077
        0.0001804371  -0.0000878813   0.0001292669  -0.0000576665  -0.0005964442
       -0.0006714567  -0.0000802127  -0.0015285322   0.0018217248   0.0005016924
        0.0134452160   0.0066284452  -0.0001773243  -0.0016571093  -0.0019960971
       -0.0007154644   0.0848574419  -0.2242655392   0.0718825064  -0.0000551523
        0.0003456377   0.0000184045  -0.0000385046   0.0000225384  -0.0000271971
       -0.0002837258   0.0001218592  -0.0001541418   0.0001310124   0.0000662726
        0.0000669177   0.0002292439   0.0000159583   0.0001076710   0.0002205240
       -0.0001512882   0.0000926342   0.0004957320  -0.0001248203   0.0001257128
       -0.0957240407   0.2174327115  -0.0717440156
       -0.0003869674   0.0003786899   0.0001031542   0.0009509276  -0.0009412807
       -0.0003745181  -0.0012560369   0.0011040248   0.0009122848   0.0004703464
       -0.0000589302  -0.0004980330  -0.0003718498   0.0000057290   0.0002432946
       -0.0002024626  -0.0000346941   0.0000239429  -0.0002491037   0.0001799722
        0.0004622795   0.0000958976  -0.0000653537   0.0000819530   0.0003334671
        0.0000403980  -0.0006410908  -0.0004539848   0.0001349071   0.0043734560
       -0.0064064751   0.0017498646  -0.0035437214   0.0016788635  -0.0003908109
       -0.0039564438  -0.0331162391   0.0696051505  -0.0461181371   0.0000202843
       -0.0000357389   0.0005189229   0.0004091920  -0.0003698293   0.0000576848
       -0.0001374919   0.0000939733  -0.0003607640  -0.0000451664   0.0000304663
        0.0003606940  -0.0001346677   0.0001262568   0.0004551217  -0.0000868033
        0.0000947603   0.0001609202  -0.0001525461   0.0000964609   0.0000344197
        0.0390408164  -0.0717440156   0.0477045798
