           1           2  0.99492081614371564     
           2           3   1.3150516229850198     
           2           4  0.10443645709073170     
           3           4   1.4683402183197352     
           4           5   1.2928768609167385     
           2           6   1.1529611365439361     
           5           6   1.3360723212722305     
           6           7   1.1235487097456731     
           7           8   1.6223730467478854     
           7           9   1.0982262058484893     
           8           9  0.14302196961635966     
           9          10   1.1126891217306158     
           9          11  0.12846829143741634     
          10          11   1.6012380135142879     
           5          12   1.1398336890549698     
          10          12   1.1447844273654173     
          11          12  0.13843030975867140     
          12          13  0.97568200156115481     
           9          14  0.98089576960499392     
           1          15  0.97736726347527836     
           1          16  0.96819170163680124     
           1          17  0.96837432255909028     
           3          18  0.95962372522805739     
          13          19  0.97471881253630421     
          13          20  0.97487183229588714     
          13          21  0.97140826975089778     
          14          22  0.97525576341268183     
          14          23  0.97314406044889079     
          14          24  0.97407937000926981     
