           1           2  0.99976161686145248     
           2           3   1.3059227319977764     
           2           4  0.10881664029412393     
           3           4   1.4765786696768135     
           4           5   1.2845786679616227     
           2           6   1.1485155809270571     
           5           6   1.3461267674952113     
           6           7   1.1104969053305154     
           7           8   1.6447834692310908     
           7           9   1.0968222649004820     
           8           9  0.14737703048656398     
           9          10   1.1067631544052987     
           9          11  0.13130890986145022     
          10          11   1.6351932541000984     
           5          12   1.1435597318876514     
          10          12   1.1222659934885602     
          11          12  0.13894384520932773     
          12          13  0.98138917721141872     
           9          14  0.98168937080456875     
           1          15  0.96988948631037608     
           1          16  0.98067247753913933     
           1          17  0.96928835939788116     
           3          18  0.96243398131025382     
          13          19  0.97501211899322182     
          13          20  0.97749072918977220     
          13          21  0.97316485977061384     
          14          22  0.97480089236910961     
          14          23  0.97540992954623895     
          14          24  0.97316990256997993     
