   -0.15094349
    0.14556005
   -0.07435981
    0.09586189
   -0.17123839
   -0.12256463
    0.00502067
   -0.02925353
   -0.03357868
   -0.02929054
   -0.04061471
    0.10156282
   -0.21534910
    0.28660977
   -0.50857938
   -0.16991270
    0.01839679
    0.07556444
   -0.11610394
    0.28463727
   -0.43968625
    0.02082118
    0.06902165
   -0.19931452
   -0.12627557
   -0.12896757
    0.37303830
   -0.46032040
   -0.39283987
    0.10470494
    0.10180375
    0.10818924
    0.07013905
    0.07533870
    0.07563264
    0.06970537
    0.22203252
    0.09281875
    0.07281939
    0.10081023
    0.04252838
    0.07271197
    0.07997301
    0.08175798
    0.07503993
    0.05289137
    0.43420104
