   -0.08680234
    0.12976370
   -0.01222994
    0.07053825
   -0.02366340
   -0.30661028
    0.01737649
   -0.01830483
   -0.02205819
   -0.02428433
   -0.02485969
    0.03768744
   -0.06719991
    0.28872160
   -0.46768220
   -0.27810869
    0.03207143
    0.02820089
   -0.14704120
    0.27235010
   -0.45853835
   -0.00545256
    0.01793881
   -0.05211019
   -0.08261490
   -0.08200796
    0.39907838
   -0.49887486
   -0.50267999
    0.07848934
    0.08666875
    0.09601710
    0.10334611
    0.07390216
    0.07076218
    0.08242656
    0.13441459
    0.11390976
    0.10177930
    0.11222178
    0.06437654
    0.09185076
    0.07174583
    0.09272846
    0.06397283
    0.09504763
    0.33373703
