$hessian                                                                        
        0.6679344095  -0.0090319388  -0.0171063623  -0.0972410654   0.0233581142
        0.0028138849   0.0358059381   0.0208407313   0.0001396354  -0.0186476214
       -0.0331104579  -0.0015097992  -0.0669650468   0.0383864025   0.0042449142
       -0.2866421835  -0.1330495098  -0.0004002513  -0.2197791734   0.1174798704
        0.0122775361  -0.0042448888  -0.0277556448  -0.0014384214  -0.0037472652
        0.0036789239   0.0005696698   0.0005132797  -0.0007577938  -0.0000616142
       -0.0037989363   0.0031365200   0.0005268864  -0.0031874466  -0.0031752172
       -0.0000560783
       -0.0090319388   0.6584838534   0.0310690050  -0.0554757748  -0.3306781070
       -0.0143948831   0.0805053509  -0.0424561091  -0.0049127524  -0.0331104580
       -0.0456859463  -0.0012413190  -0.0212674414   0.0599300869   0.0039861587
       -0.0541995949  -0.1420132133  -0.0037034158   0.1174791185  -0.1228579639
       -0.0085746009  -0.0036080047  -0.0158414751  -0.0008369486   0.0031391811
       -0.0009713114  -0.0006085555  -0.0007634826  -0.0001142196   0.0000230381
        0.0036520104  -0.0009068106  -0.0006266303  -0.0273189656  -0.0168887841
       -0.0001790963
       -0.0171063623   0.0310690050   0.1197506788  -0.0016897087  -0.0167739377
       -0.0491764630   0.0035450641  -0.0031108190   0.0008071812  -0.0015097986
       -0.0012413187  -0.0062394649   0.0008413497   0.0021826561   0.0011898532
        0.0040990153  -0.0013244664  -0.0484711378   0.0122725700  -0.0085694958
       -0.0354157224  -0.0000519947  -0.0001081437   0.0007708065   0.0005356824
       -0.0006282117   0.0081056640  -0.0000651894   0.0000266055  -0.0001936652
        0.0005668875  -0.0006092534   0.0081059811  -0.0014375155  -0.0009126202
        0.0007662886
       -0.0972410654  -0.0554757748  -0.0016897087   0.6704532773   0.0094662149
       -0.0161145787  -0.2589371218   0.1482682170   0.0147841380  -0.0669650465
       -0.0212674416   0.0008413504  -0.0102412451   0.0282415449   0.0017207977
        0.0207729396  -0.0294158576  -0.0022607021  -0.0002417211   0.0255930821
        0.0014894238  -0.2496747643  -0.1009545343   0.0007393320   0.0006458953
        0.0007815255   0.0000417211  -0.0046694664  -0.0026621255   0.0002350295
        0.0007082067   0.0006502305   0.0000160195  -0.0046098882  -0.0032250811
        0.0001971775
        0.0233581142  -0.3306781070  -0.0167739377   0.0094662149   0.6560267249
        0.0303651593   0.0694066558  -0.1689681914  -0.0089521873   0.0383864027
        0.0599300866   0.0021826558   0.0282415449  -0.0538125921  -0.0035441022
       -0.0890967346  -0.0278232060   0.0010283237   0.0014641092  -0.0197220292
       -0.0012044678  -0.1009316325  -0.0938106624  -0.0003428670   0.0249163361
       -0.0206243290  -0.0019669289  -0.0031879051  -0.0000781673  -0.0003680727
        0.0006546947  -0.0003233788  -0.0000366219  -0.0026778002  -0.0001161482
       -0.0003869533
        0.0028138849  -0.0143948831  -0.0491764630  -0.0161145787   0.0303651593
        0.1196821733   0.0102821335  -0.0113395246  -0.0492277267   0.0042449162
        0.0039861590   0.0011898532   0.0017207968  -0.0035441009  -0.0064673526
       -0.0056648777  -0.0007696750   0.0012174851   0.0001130375  -0.0019387296
        0.0006612529   0.0007347570  -0.0003341546  -0.0346002199   0.0014235757
       -0.0012405795   0.0006616118   0.0002021451  -0.0003880949   0.0081294576
        0.0000112411  -0.0000296313  -0.0001995362   0.0002329688  -0.0003719449
        0.0081294645
        0.0358059381   0.0805053509   0.0035450641  -0.2589371218   0.0694066558
        0.0102821335   0.6531527031   0.0023758025  -0.0159914926  -0.2866421837
       -0.0541995948   0.0040990153   0.0207729398  -0.0890967343  -0.0056648765
       -0.0674808553   0.0047375742   0.0021081534   0.0012903277  -0.0007613865
        0.0001581978  -0.0266629745   0.0137189337   0.0016121054  -0.0454226042
       -0.0172622928  -0.0006551311  -0.0265099639  -0.0092963379   0.0002867691
        0.0012825632  -0.0002369597   0.0001981706  -0.0006487685   0.0001089889
        0.0000218911
        0.0208407313  -0.0424561091  -0.0031108190   0.1482682170  -0.1689681914
       -0.0113395246   0.0023758025   0.6732207444   0.0315755337  -0.1330495098
       -0.1420132133  -0.0013244659  -0.0294158575  -0.0278232060  -0.0007696735
        0.0047375742   0.0033063327   0.0004034521  -0.0002179544  -0.0060143382
       -0.0007984757  -0.0104055400   0.0065797410   0.0006531863  -0.0172662007
       -0.2972815267  -0.0144514811   0.0148271633   0.0064344323  -0.0001260644
       -0.0008078378  -0.0059938999  -0.0007721401   0.0001134117   0.0010092341
        0.0000604724
        0.0001396354  -0.0049127524   0.0008071812   0.0147841380  -0.0089521873
       -0.0492277267  -0.0159914926   0.0315755337   0.1197461527  -0.0004002509
       -0.0037034161  -0.0484711378  -0.0022607021   0.0010283243   0.0012174852
        0.0021081530   0.0004034518  -0.0062548699   0.0001933803  -0.0007812298
        0.0081073923   0.0002315179  -0.0000833770   0.0007638363  -0.0006558718
       -0.0144444373  -0.0353607628   0.0016693740   0.0006014638   0.0007589251
        0.0001610910  -0.0007965988   0.0081075417   0.0000210279   0.0000652252
       -0.0001940172
       -0.0186476214  -0.0331104580  -0.0015097986  -0.0669650465   0.0383864027
        0.0042449162  -0.2866421837  -0.1330495098  -0.0004002509   0.6679344110
       -0.0090319400  -0.0171063631  -0.0972410654   0.0233581143   0.0028138830
        0.0358059378   0.0208407314   0.0001396351   0.0005132797  -0.0007577937
       -0.0000616132  -0.0037989362   0.0031365200   0.0005268839  -0.0031874466
       -0.0031752172  -0.0000560773  -0.2197791747   0.1174798712   0.0122775355
       -0.0042448888  -0.0277556447  -0.0014384192  -0.0037472651   0.0036789238
        0.0005696688
       -0.0331104579  -0.0456859463  -0.0012413187  -0.0212674416   0.0599300866
        0.0039861590  -0.0541995948  -0.1420132133  -0.0037034161  -0.0090319400
        0.6584838539   0.0310690045  -0.0554757747  -0.3306781070  -0.0143948830
        0.0805053512  -0.0424561091  -0.0049127522  -0.0007634826  -0.0001142197
        0.0000230380   0.0036520103  -0.0009068105  -0.0006266307  -0.0273189657
       -0.0168887841  -0.0001790958   0.1174791193  -0.1228579640  -0.0085746010
       -0.0036080046  -0.0158414750  -0.0008369486   0.0031391811  -0.0009713114
       -0.0006085556
       -0.0015097992  -0.0012413190  -0.0062394649   0.0008413504   0.0021826558
        0.0011898532   0.0040990153  -0.0013244659  -0.0484711378  -0.0171063631
        0.0310690045   0.1197506785  -0.0016897080  -0.0167739378  -0.0491764632
        0.0035450640  -0.0031108186   0.0008071814  -0.0000651892   0.0000266055
       -0.0001936653   0.0005668874  -0.0006092533   0.0081059811  -0.0014375155
       -0.0009126201   0.0007662886   0.0122725703  -0.0085694958  -0.0354157222
       -0.0000519948  -0.0001081436   0.0007708065   0.0005356824  -0.0006282117
        0.0081056641
       -0.0669650468  -0.0212674414   0.0008413497  -0.0102412451   0.0282415449
        0.0017207968   0.0207729398  -0.0294158575  -0.0022607021  -0.0972410654
       -0.0554757747  -0.0016897080   0.6704532757   0.0094662140  -0.0161145774
       -0.2589371215   0.1482682170   0.0147841378  -0.0046694665  -0.0026621255
        0.0002350294   0.0007082067   0.0006502305   0.0000160205  -0.0046098883
       -0.0032250811   0.0001971768  -0.0002417211   0.0255930821   0.0014894243
       -0.2496747628  -0.1009545338   0.0007393302   0.0006458953   0.0007815256
        0.0000417219
        0.0383864025   0.0599300869   0.0021826561   0.0282415449  -0.0538125921
       -0.0035441009  -0.0890967343  -0.0278232060   0.0010283243   0.0233581143
       -0.3306781070  -0.0167739378   0.0094662140   0.6560267247   0.0303651573
        0.0694066559  -0.1689681913  -0.0089521877  -0.0031879051  -0.0000781673
       -0.0003680718   0.0006546948  -0.0003233788  -0.0000366233  -0.0026778002
       -0.0001161483  -0.0003869528   0.0014641093  -0.0197220293  -0.0012044690
       -0.1009316319  -0.0938106624  -0.0003428643   0.0249163360  -0.0206243290
       -0.0019669300
        0.0042449142   0.0039861587   0.0011898532   0.0017207977  -0.0035441022
       -0.0064673526  -0.0056648765  -0.0007696735   0.0012174852   0.0028138830
       -0.0143948830  -0.0491764632  -0.0161145774   0.0303651573   0.1196821743
        0.0102821341  -0.0113395228  -0.0492277269   0.0002021456  -0.0003880948
        0.0081294577   0.0000112409  -0.0000296309  -0.0001995364   0.0002329685
       -0.0003719452   0.0081294646   0.0001130380  -0.0019387296   0.0006612527
        0.0007347567  -0.0003341542  -0.0346002202   0.0014235755  -0.0012405798
        0.0006616117
       -0.2866421835  -0.0541995949   0.0040990153   0.0207729396  -0.0890967346
       -0.0056648777  -0.0674808553   0.0047375742   0.0021081530   0.0358059378
        0.0805053512   0.0035450640  -0.2589371215   0.0694066559   0.0102821341
        0.6531527032   0.0023758026  -0.0159914920  -0.0265099639  -0.0092963380
        0.0002867682   0.0012825632  -0.0002369597   0.0001981722  -0.0006487686
        0.0001089889   0.0000218908   0.0012903276  -0.0007613865   0.0001581982
       -0.0266629744   0.0137189338   0.0016121047  -0.0454226042  -0.0172622928
       -0.0006551308
       -0.1330495098  -0.1420132133  -0.0013244664  -0.0294158576  -0.0278232060
       -0.0007696750   0.0047375742   0.0033063327   0.0004034518   0.0208407314
       -0.0424561091  -0.0031108186   0.1482682170  -0.1689681913  -0.0113395228
        0.0023758026   0.6732207445   0.0315755340   0.0148271633   0.0064344323
       -0.0001260650  -0.0008078378  -0.0059938999  -0.0007721383   0.0001134117
        0.0010092341   0.0000604715  -0.0002179544  -0.0060143382  -0.0007984749
       -0.0104055400   0.0065797410   0.0006531843  -0.0172662007  -0.2972815268
       -0.0144514804
       -0.0004002513  -0.0037034158  -0.0484711378  -0.0022607021   0.0010283237
        0.0012174851   0.0021081534   0.0004034521  -0.0062548699   0.0001396351
       -0.0049127522   0.0008071814   0.0147841378  -0.0089521877  -0.0492277269
       -0.0159914920   0.0315755340   0.1197461527   0.0016693740   0.0006014638
        0.0007589251   0.0001610910  -0.0007965987   0.0081075418   0.0000210278
        0.0000652251  -0.0001940173   0.0001933803  -0.0007812298   0.0081073923
        0.0002315179  -0.0000833769   0.0007638363  -0.0006558720  -0.0144444374
       -0.0353607627
       -0.2197791734   0.1174791185   0.0122725700  -0.0002417211   0.0014641092
        0.0001130375   0.0012903277  -0.0002179544   0.0001933803   0.0005132797
       -0.0007634826  -0.0000651892  -0.0046694665  -0.0031879051   0.0002021456
       -0.0265099639   0.0148271633   0.0016693740   0.2487425491  -0.1301400974
       -0.0141787599   0.0010716428  -0.0007554827  -0.0001535635  -0.0000440340
       -0.0000806419  -0.0000038748   0.0001187499  -0.0000424042  -0.0000642622
       -0.0012993563   0.0007944693   0.0000853977   0.0008071660   0.0006231079
       -0.0000702555
        0.1174798704  -0.1228579639  -0.0085694958   0.0255930821  -0.0197220292
       -0.0019387296  -0.0007613865  -0.0060143382  -0.0007812298  -0.0007577937
       -0.0001142197   0.0000266055  -0.0026621255  -0.0000781673  -0.0003880948
       -0.0092963380   0.0064344323   0.0006014638  -0.1301400974   0.1412924264
        0.0105919418   0.0007290905   0.0007350179   0.0001711640   0.0013122793
       -0.0010017388  -0.0000964901  -0.0000424041   0.0000746878   0.0001155578
       -0.0005900301   0.0002488583   0.0000338300  -0.0008641469   0.0010030343
        0.0002334771
        0.0122775361  -0.0085746009  -0.0354157224   0.0014894238  -0.0012044678
        0.0006612529   0.0001581978  -0.0007984757   0.0081073923  -0.0000616132
        0.0000230380  -0.0001936653   0.0002350294  -0.0003680718   0.0081294577
        0.0002867682  -0.0001260650   0.0007589251  -0.0141787599   0.0105919418
        0.0251822211  -0.0000716374   0.0002138146  -0.0026329793   0.0000762953
       -0.0000538288  -0.0000305519  -0.0000642623   0.0001155578  -0.0019085555
        0.0000049760  -0.0000089945  -0.0000256725  -0.0001519538   0.0001901525
       -0.0026321022
       -0.0042448888  -0.0036080047  -0.0000519947  -0.2496747643  -0.1009316325
        0.0007347570  -0.0266629745  -0.0104055400   0.0002315179  -0.0037989362
        0.0036520103   0.0005668874   0.0007082067   0.0006546948   0.0000112409
        0.0012825632  -0.0008078378   0.0001610910   0.0010716428   0.0007290905
       -0.0000716374   0.2818735125   0.1118850578  -0.0013944088   0.0008523967
       -0.0005901431  -0.0001368361  -0.0012993563  -0.0005900301   0.0000049760
        0.0001255558   0.0000424766  -0.0000604744  -0.0002329577  -0.0000301419
        0.0000048812
       -0.0277556448  -0.0158414751  -0.0001081437  -0.1009545343  -0.0938106624
       -0.0003341546   0.0137189337   0.0065797410  -0.0000833770   0.0031365200
       -0.0009068105  -0.0006092533   0.0006502305  -0.0003233788  -0.0000296309
       -0.0002369597  -0.0059938999  -0.0007965987  -0.0007554827   0.0007350179
        0.0002138146   0.1118850578   0.1090960032   0.0014668336   0.0009002515
        0.0009728091   0.0001791745   0.0007944693   0.0002488583  -0.0000089943
        0.0000424766   0.0000713866   0.0001137398  -0.0014253180  -0.0008275893
       -0.0000034099
       -0.0014384214  -0.0008369486   0.0007708065   0.0007393320  -0.0003428670
       -0.0346002199   0.0016121054   0.0006531863   0.0007638363   0.0005268839
       -0.0006266307   0.0081059811   0.0000160205  -0.0000366233  -0.0001995364
        0.0001981722  -0.0007721383   0.0081075418  -0.0001535635   0.0001711640
       -0.0026329793  -0.0013944088   0.0014668336   0.0242775225  -0.0000551577
        0.0002222801  -0.0026330722   0.0000853981   0.0000338302  -0.0000256725
       -0.0000604747   0.0001137402  -0.0019089211  -0.0000758860  -0.0000458264
       -0.0000252868
       -0.0037472652   0.0031391811   0.0005356824   0.0006458953   0.0249163361
        0.0014235757  -0.0454226042  -0.0172662007  -0.0006558718  -0.0031874466
       -0.0273189657  -0.0014375155  -0.0046098883  -0.0026778002   0.0002329685
       -0.0006487686   0.0001134117   0.0000210278  -0.0000440340   0.0013122793
        0.0000762953   0.0008523967   0.0009002515  -0.0000551577   0.0555305871
        0.0191623437   0.0001462030   0.0008071660  -0.0008641469  -0.0001519539
       -0.0002329577  -0.0014253180  -0.0000758857   0.0000569195   0.0000086282
       -0.0000593681
        0.0036789239  -0.0009713114  -0.0006282117   0.0007815255  -0.0206243290
       -0.0012405795  -0.0172622928  -0.2972815267  -0.0144444373  -0.0031752172
       -0.0168887841  -0.0009126201  -0.0032250811  -0.0001161483  -0.0003719452
        0.0001089889   0.0010092341   0.0000652251  -0.0000806419  -0.0010017388
       -0.0000538288  -0.0005901431   0.0009728091   0.0002222801   0.0191623437
        0.3345875077   0.0171023142   0.0006231079   0.0010030343   0.0001901525
       -0.0000301419  -0.0008275893  -0.0000458262   0.0000086282   0.0001388425
        0.0001174770
        0.0005696698  -0.0006085555   0.0081056640   0.0000417211  -0.0019669289
        0.0006616118  -0.0006551311  -0.0144514811  -0.0353607628  -0.0000560773
       -0.0001790958   0.0007662886   0.0001971768  -0.0003869528   0.0081294646
        0.0000218908   0.0000604715  -0.0001940173  -0.0000038748  -0.0000964901
       -0.0000305519  -0.0001368361   0.0001791745  -0.0026330722   0.0001462030
        0.0171023142   0.0251213724  -0.0000702556   0.0002334770  -0.0026321021
        0.0000048814  -0.0000034100  -0.0000252869  -0.0000593680   0.0001174771
       -0.0019086082
        0.0005132797  -0.0007634826  -0.0000651894  -0.0046694664  -0.0031879051
        0.0002021451  -0.0265099639   0.0148271633   0.0016693740  -0.2197791747
        0.1174791193   0.0122725703  -0.0002417211   0.0014641093   0.0001130380
        0.0012903276  -0.0002179544   0.0001933803   0.0001187499  -0.0000424041
       -0.0000642623  -0.0012993563   0.0007944693   0.0000853981   0.0008071660
        0.0006231079  -0.0000702556   0.2487425504  -0.1301400982  -0.0141787601
        0.0010716428  -0.0007554827  -0.0001535638  -0.0000440340  -0.0000806419
       -0.0000038746
       -0.0007577938  -0.0001142196   0.0000266055  -0.0026621255  -0.0000781673
       -0.0003880949  -0.0092963379   0.0064344323   0.0006014638   0.1174798712
       -0.1228579640  -0.0085694958   0.0255930821  -0.0197220293  -0.0019387296
       -0.0007613865  -0.0060143382  -0.0007812298  -0.0000424042   0.0000746878
        0.0001155578  -0.0005900301   0.0002488583   0.0000338302  -0.0008641469
        0.0010030343   0.0002334770  -0.1301400982   0.1412924266   0.0105919420
        0.0007290905   0.0007350179   0.0001711639   0.0013122793  -0.0010017388
       -0.0000964900
       -0.0000616142   0.0000230381  -0.0001936652   0.0002350295  -0.0003680727
        0.0081294576   0.0002867691  -0.0001260644   0.0007589251   0.0122775355
       -0.0085746010  -0.0354157222   0.0014894243  -0.0012044690   0.0006612527
        0.0001581982  -0.0007984749   0.0081073923  -0.0000642622   0.0001155578
       -0.0019085555   0.0000049760  -0.0000089943  -0.0000256725  -0.0001519539
        0.0001901525  -0.0026321021  -0.0141787601   0.0105919420   0.0251822210
       -0.0000716375   0.0002138147  -0.0026329792   0.0000762952  -0.0000538289
       -0.0000305520
       -0.0037989363   0.0036520104   0.0005668875   0.0007082067   0.0006546947
        0.0000112411   0.0012825632  -0.0008078378   0.0001610910  -0.0042448888
       -0.0036080046  -0.0000519948  -0.2496747628  -0.1009316319   0.0007347567
       -0.0266629744  -0.0104055400   0.0002315179  -0.0012993563  -0.0005900301
        0.0000049760   0.0001255558   0.0000424766  -0.0000604747  -0.0002329577
       -0.0000301419   0.0000048814   0.0010716428   0.0007290905  -0.0000716375
        0.2818735111   0.1118850572  -0.0013944085   0.0008523967  -0.0005901431
       -0.0001368362
        0.0031365200  -0.0009068106  -0.0006092534   0.0006502305  -0.0003233788
       -0.0000296313  -0.0002369597  -0.0059938999  -0.0007965988  -0.0277556447
       -0.0158414750  -0.0001081436  -0.1009545338  -0.0938106624  -0.0003341542
        0.0137189338   0.0065797410  -0.0000833769   0.0007944693   0.0002488583
       -0.0000089945   0.0000424766   0.0000713866   0.0001137402  -0.0014253180
       -0.0008275893  -0.0000034100  -0.0007554827   0.0007350179   0.0002138147
        0.1118850572   0.1090960032   0.0014668331   0.0009002515   0.0009728091
        0.0001791746
        0.0005268864  -0.0006266303   0.0081059811   0.0000160195  -0.0000366219
       -0.0001995362   0.0001981706  -0.0007721401   0.0081075417  -0.0014384192
       -0.0008369486   0.0007708065   0.0007393302  -0.0003428643  -0.0346002202
        0.0016121047   0.0006531843   0.0007638363   0.0000853977   0.0000338300
       -0.0000256725  -0.0000604744   0.0001137398  -0.0019089211  -0.0000758857
       -0.0000458262  -0.0000252869  -0.0001535638   0.0001711639  -0.0026329792
       -0.0013944085   0.0014668331   0.0242775227  -0.0000551575   0.0002222803
       -0.0026330721
       -0.0031874466  -0.0273189656  -0.0014375155  -0.0046098882  -0.0026778002
        0.0002329688  -0.0006487685   0.0001134117   0.0000210279  -0.0037472651
        0.0031391811   0.0005356824   0.0006458953   0.0249163360   0.0014235755
       -0.0454226042  -0.0172662007  -0.0006558720   0.0008071660  -0.0008641469
       -0.0001519538  -0.0002329577  -0.0014253180  -0.0000758860   0.0000569195
        0.0000086282  -0.0000593680  -0.0000440340   0.0013122793   0.0000762952
        0.0008523967   0.0009002515  -0.0000551575   0.0555305871   0.0191623437
        0.0001462030
       -0.0031752172  -0.0168887841  -0.0009126202  -0.0032250811  -0.0001161482
       -0.0003719449   0.0001089889   0.0010092341   0.0000652252   0.0036789238
       -0.0009713114  -0.0006282117   0.0007815256  -0.0206243290  -0.0012405798
       -0.0172622928  -0.2972815268  -0.0144444374   0.0006231079   0.0010030343
        0.0001901525  -0.0000301419  -0.0008275893  -0.0000458264   0.0000086282
        0.0001388425   0.0001174771  -0.0000806419  -0.0010017388  -0.0000538289
       -0.0005901431   0.0009728091   0.0002222803   0.0191623437   0.3345875077
        0.0171023143
       -0.0000560783  -0.0001790963   0.0007662886   0.0001971775  -0.0003869533
        0.0081294645   0.0000218911   0.0000604724  -0.0001940172   0.0005696688
       -0.0006085556   0.0081056641   0.0000417219  -0.0019669300   0.0006616117
       -0.0006551308  -0.0144514804  -0.0353607627  -0.0000702555   0.0002334771
       -0.0026321022   0.0000048812  -0.0000034099  -0.0000252868  -0.0000593681
        0.0001174770  -0.0019086082  -0.0000038746  -0.0000964900  -0.0000305520
       -0.0001368362   0.0001791746  -0.0026330721   0.0001462030   0.0171023143
        0.0251213724
