           1           2   1.4412524149465837     
           2           3   1.4412520743024877     
           1           4  0.11370372054995297     
           3           4   1.4412524952635288     
           2           5  0.11370402251818518     
           4           5   1.4412524149524506     
           1           6   1.4412524952805907     
           3           6  0.11370396600790947     
           5           6   1.4412520743067088     
           1           7  0.97158563714951551     
           2           8  0.97158567883290881     
           3           9  0.97158566918588374     
           4          10  0.97158563716106960     
           5          11  0.97158567882303670     
           6          12  0.97158566913372890     
