    0.03306061
   -0.24875987
    0.12363837
   -0.09635553
   -0.00546266
   -0.08591682
    0.10263133
    0.10342403
   -0.36796855
   -0.28852551
    0.03871042
    0.09048015
   -0.21664127
    0.13523911
   -0.11275161
    0.14534734
   -0.08814002
    0.13469033
   -0.04812506
   -0.08813588
    0.12469575
   -0.30992273
    0.24181153
    0.09334220
    0.10197402
    0.09721356
    0.09466871
   -0.33159391
    0.07393495
   -0.44915621
   -0.45288163
   -0.44869832
   -0.43819317
   -0.37925127
   -0.37708612
    0.06807737
    0.04320495
    0.04047266
    0.06292121
    0.05678269
    0.32016648
    0.04218274
    0.05936787
    0.04069826
    0.04535717
    0.07668686
    0.03754885
    0.06480314
    0.04896018
    0.04014219
    0.02967499
    0.06968608
    0.03889080
    0.03475709
    0.30283906
    0.32326905
    0.32045629
    0.31725551
    0.30919012
    0.30531213
