           1           2  0.99023483426407444     
           2           3   1.6344649526554513     
           2           4   1.2450709935907556     
           3           4  0.16438186348963191     
           4           5   1.0659576702232672     
           5           6   1.3675686896930634     
           6           7   1.4588584236041078     
           7           8   1.3654122409728473     
           6           9  0.10489222121118642     
           8           9   1.3619928859761101     
           5          10   1.3673148710519429     
           7          10  0.10156351411130798     
           9          10   1.4641199015377020     
           8          11   1.0737669042453646     
           1          12  0.96646082001071654     
           1          13  0.98270743011515482     
           1          14  0.96105583274546569     
           4          15  0.91679895221129581     
           6          16  0.96470652807374313     
           7          17  0.96500714880111349     
           9          18  0.96821635010383933     
          10          19  0.96274538515504771     
          11          20  0.83987376845812078     
