   -0.01826820
   -0.00637385
   -0.15490258
   -0.02830254
    0.35904495
   -0.40370461
   -0.37680913
   -0.01972068
    0.36188482
   -0.40090591
   -0.37788713
   -0.14695683
   -0.03660641
    0.35840028
   -0.39858890
   -0.38254961
   -0.04445883
    0.36579786
   -0.42981086
   -0.36935934
    0.04371552
    0.07632896
    0.01202342
    0.04892258
    0.10627353
    0.04621049
    0.33363822
    0.08533738
    0.04648786
    0.33600569
    0.08751887
    0.07241785
    0.33056712
    0.10334886
    0.09281452
    0.32846660
