           1           2  0.98365785601738498     
           2           3  0.99483975411587644     
           3           4   1.0118414860764022     
           4           5  0.97313142913034023     
           5           6   1.7672363484353120     
           5           7   1.1312038320117173     
           6           7  0.17222588040319828     
           3           8   1.0140207169868305     
           8           9  0.97253942881276556     
           9          10   1.7624253445641855     
           9          11   1.1344788223224980     
          10          11  0.17142574098439425     
           1          12   1.0115324600659510     
          12          13   1.0067102892223490     
          13          14  0.97424147032340491     
          14          15   1.7709018810403017     
          14          16   1.1235225170689933     
          15          16  0.17082374447201082     
          12          17   1.0024439666946501     
          17          18  0.98682392654182927     
          18          19   1.7326200819935818     
          18          20   1.1400805861247429     
          19          20  0.16748927950258599     
           1          21  0.96847143756539222     
           1          22  0.95537786029722338     
           2          23  0.96549457863735422     
           2          24  0.96987117024392722     
           4          25  0.92784760190432869     
           4          26  0.94427871716925882     
           7          27  0.86395523829410847     
           8          28  0.94181913137409645     
           8          29  0.93972066490094641     
          11          30  0.86219827955100969     
          13          31  0.91983760598207498     
          13          32  0.95858260194875067     
          16          33  0.86554106855279744     
          17          34  0.94779065264644080     
          17          35  0.91439108240727385     
          20          36  0.86636036544381312     
